#CHROM	BEG	MARKER_ID	PVALUE
6	138112548	6:138112548_AAAAC/A	0.03941
6	138112607	6:138112607_T/C	0.1631
6	138112663	6:138112663_A/T	0.02711
6	138112861	6:138112861_A/G	0.9446
6	138112921	6:138112921_G/T	0.5403
6	138112924	6:138112924_G/A	0.7325
6	138112927	6:138112927_C/T	0.6218
6	138112959	6:138112959_G/A	0.6663
6	138113052	6:138113052_CT/C	0.3405
6	138113148	6:138113148_G/A	0.3561
6	138113227	6:138113227_A/G	0.007504
6	138113229	6:138113229_A/G	0.6498
6	138113295	6:138113295_G/A	0.6131
6	138113307	6:138113307_C/T	0.337
6	138113308	6:138113308_G/A	0.001024
6	138113361	6:138113361_T/C	0.6513
6	138113398	6:138113398_T/C	0.06339
6	138113421	6:138113421_T/G	0.9395
6	138113519	6:138113519_C/T	0.823
6	138113558	6:138113558_T/C	0.207
6	138113642	6:138113642_C/T	0.1439
6	138113643	6:138113643_A/G	0.9276
6	138113746	6:138113746_T/C	0.355
6	138113800	6:138113800_C/T	0.8207
6	138113803	6:138113803_G/A	0.8243
6	138113804	6:138113804_G/T	0.6081
6	138113811	6:138113811_A/C	0.143
6	138113819	6:138113819_A/C	0.2061
6	138113855	6:138113855_A/T	0.6614
6	138113938	6:138113938_T/C	0.2105
6	138113960	6:138113960_C/G	0.5903
6	138114009	6:138114009_G/A	0.1303
6	138114013	6:138114013_G/T	0.06099
6	138114026	6:138114026_G/A	0.93
6	138114033	6:138114033_C/T	0.677
6	138114068	6:138114068_T/G	0.2639
6	138114077	6:138114077_AAAAC/A	0.06329
6	138114085	6:138114085_C/G	0.8324
6	138114124	6:138114124_C/T	0.5243
6	138114277	6:138114277_G/A	0.2455
6	138114376	6:138114376_T/G	0.5934
6	138114417	6:138114417_G/A	0.2208
6	138114469	6:138114469_G/A	0.7633
6	138114589	6:138114589_G/T	0.04495
6	138114618	6:138114618_G/T	0.5984
6	138114632	6:138114632_T/C	0.562
6	138114635	6:138114635_A/G	0.9591
6	138114644	6:138114644_C/T	0.6513
6	138114706	6:138114706_C/T	0.4364
6	138114712	6:138114712_G/A	0.4555
6	138114714	6:138114714_A/G	0.6207
6	138114725	6:138114725_G/A	0.6289
6	138114760	6:138114760_G/A	0.03105
6	138114765	6:138114765_A/G	0.9548
6	138114790	6:138114790_G/A	0.2604
6	138114903	6:138114903_G/T	0.6946
6	138114911	6:138114911_T/A	0.5741
6	138114985	6:138114985_C/T	0.1207
6	138114991	6:138114991_G/A	0.1149
6	138115013	6:138115013_G/A	0.5024
6	138115067	6:138115067_G/A	0.03399
6	138115159	6:138115159_T/C	0.03399
6	138115219	6:138115219_G/T	0.02272
6	138115382	6:138115382_C/T	0.4631
6	138115388	6:138115388_G/A	0.5604
6	138115391	6:138115391_G/A	0.8747
6	138115412	6:138115412_T/C	0.5376
6	138115467	6:138115467_C/T	0.6917
6	138115479	6:138115479_A/C	0.4026
6	138115499	6:138115499_A/G	0.01296
6	138115506	6:138115506_T/C	0.07534
6	138115626	6:138115626_T/A	0.9481
6	138115627	6:138115627_C/T	0.9481
6	138115729	6:138115729_C/T	0.5021
6	138115730	6:138115730_G/A	0.8877
6	138115745	6:138115745_A/G	0.4061
6	138115847	6:138115847_C/G	0.4118
6	138115937	6:138115937_C/G	0.3596
6	138115939	6:138115939_C/G	0.4493
6	138115945	6:138115945_C/T	0.8742
6	138115949	6:138115949_C/T	0.4384
6	138115968	6:138115968_G/T	0.5023
6	138116002	6:138116002_C/T	0.006749
6	138116025	6:138116025_A/G	0.5601
6	138116040	6:138116040_T/C	0.9496
6	138116062	6:138116062_C/T	0.6703
6	138116120	6:138116120_G/T	0.3993
6	138116125	6:138116125_A/G	0.07806
6	138116134	6:138116134_G/A	0.4453
6	138116142	6:138116142_A/G	0.522
6	138116150	6:138116150_G/C	0.248
6	138116229	6:138116229_G/A	0.8423
6	138116275	6:138116275_C/T	0.05536
6	138116279	6:138116279_G/A	0.03754
6	138116346	6:138116346_C/T	0.5719
6	138116391	6:138116391_A/G	0.3439
6	138116415	6:138116415_A/G	0.6888
6	138116424	6:138116424_A/G	0.9585
6	138116426	6:138116426_G/A	0.01452
6	138116447	6:138116447_A/G	0.7647
6	138116529	6:138116529_A/AT	0.9337
6	138116564	6:138116564_G/A	0.7149
6	138116611	6:138116611_C/A	0.08865
6	138116618	6:138116618_C/A	0.9481
6	138116734	6:138116734_A/T	0.3585
6	138116808	6:138116808_G/GGTTT	0.0458
6	138116808	6:138116808_GGTTT/G	0.1264
6	138116816	6:138116816_T/C	0.2439
6	138116821	6:138116821_G/C	0.7128
6	138116912	6:138116912_G/A	0.1631
6	138116928	6:138116928_C/T	0.1132
6	138117023	6:138117023_AAAAACAAAAC/A	0.0614
6	138117169	6:138117169_A/C	0.8053
6	138117314	6:138117314_C/T	0.8289
6	138117377	6:138117377_T/C	0.002915
6	138117453	6:138117453_C/T	0.02363
6	138117498	6:138117498_C/G	0.08865
6	138117539	6:138117539_C/T	0.04459
6	138117607	6:138117607_G/A	0.6513
6	138117608	6:138117608_A/G	0.7766
6	138117661	6:138117661_C/A	0.04965
6	138117935	6:138117935_G/C	0.01277
6	138117973	6:138117973_T/C	0.1853
6	138118015	6:138118015_A/C	0.06478
6	138118043	6:138118043_AAAAATAAAAT/A	0.8889
6	138118079	6:138118079_G/A	0.3585
6	138118193	6:138118193_T/C	0.987
6	138118301	6:138118301_C/T	0.05636
6	138118320	6:138118320_A/C	0.4869
6	138118356	6:138118356_A/AAAAC	0.3709
6	138118356	6:138118356_AAAAC/A	0.9843
6	138118387	6:138118387_CA/C	0.5905
6	138118451	6:138118451_T/C	0.3313
6	138118517	6:138118517_G/A	0.37
6	138118588	6:138118588_A/G	0.1132
6	138118610	6:138118610_G/A	0.3582
6	138118655	6:138118655_G/A	0.02774
6	138118739	6:138118739_C/T	0.9896
6	138118950	6:138118950_C/A	0.7243
6	138118950	6:138118950_C/T	0.2211
6	138118950	6:138118950_CGT/C	0.9777
6	138119076	6:138119076_T/C	0.9415
6	138119092	6:138119092_T/C	0.003411
6	138119216	6:138119216_T/G	0.9496
6	138119251	6:138119251_C/A	0.2943
6	138119349	6:138119349_A/C	0.8889
6	138119486	6:138119486_T/C	0.7347
6	138119668	6:138119668_C/T	0.2895
6	138119674	6:138119674_C/G	0.3551
6	138119708	6:138119708_A/G	0.8041
6	138119824	6:138119824_CT/C	0.9061
6	138119829	6:138119829_T/A	0.9247
6	138120018	6:138120018_G/A	0.969
6	138120024	6:138120024_T/C	0.1922
6	138120053	6:138120053_C/T	0.01401
6	138120083	6:138120083_T/A	0.9543
6	138120138	6:138120138_A/G	0.2633
6	138120143	6:138120143_C/T	0.5159
6	138120144	6:138120144_G/A	0.01401
6	138120157	6:138120157_C/T	0.378
6	138120214	6:138120214_G/A	0.0137
6	138120226	6:138120226_G/A	0.256
6	138120241	6:138120241_G/A	0.6927
6	138120245	6:138120245_G/A	0.3367
6	138120282	6:138120282_C/T	0.9579
6	138120287	6:138120287_G/A	0.003162
6	138120405	6:138120405_G/A	0.178
6	138120447	6:138120447_T/C	0.2724
6	138120459	6:138120459_C/T	0.01452
6	138120510	6:138120510_G/T	0.6189
6	138120515	6:138120515_C/T	0.5719
6	138120516	6:138120516_G/A	0.104
6	138120544	6:138120544_G/A	0.02601
6	138120558	6:138120558_G/A	0.4292
6	138120674	6:138120674_C/CA	0.6026
6	138120688	6:138120688_T/A	0.956
6	138120712	6:138120712_GT/G	0.9089
6	138120776	6:138120776_C/T	0.6928
6	138120824	6:138120824_C/G	0.07434
6	138120883	6:138120883_C/A	0.2782
6	138120934	6:138120934_G/A	0.7804
6	138121008	6:138121008_T/A	0.9481
6	138121023	6:138121023_A/G	0.001116
6	138121030	6:138121030_T/C	0.9516
6	138121122	6:138121122_T/C	0.5567
6	138121167	6:138121167_A/G	0.9782
6	138121291	6:138121291_C/T	0.01539
6	138121329	6:138121329_A/G	0.8662
6	138121347	6:138121347_A/G	0.256
6	138121411	6:138121411_A/T	0.2564
6	138121415	6:138121415_AT/A	0.5604
6	138121458	6:138121458_A/C	0.4707
6	138121545	6:138121545_T/A	0.8064
6	138121651	6:138121651_ACTCAT/A	0.4686
6	138121755	6:138121755_A/T	0.02825
6	138121765	6:138121765_T/C	0.6267
6	138121784	6:138121784_G/A	0.573
6	138121821	6:138121821_A/G	0.5876
6	138121882	6:138121882_CT/C	0.0435
6	138121932	6:138121932_AAAT/A	0.01725
6	138121936	6:138121936_G/GT	0.2584
6	138121957	6:138121957_T/G	0.1134
6	138121994	6:138121994_G/A	0.9249
6	138122015	6:138122015_T/A	0.03218
6	138122017	6:138122017_A/G	0.2432
6	138122091	6:138122091_G/A	0.9536
6	138122153	6:138122153_G/C	0.8854
6	138122157	6:138122157_G/T	0.2281
6	138122161	6:138122161_G/T	0.009689
6	138122325	6:138122325_C/T	0.9913
6	138122328	6:138122328_GTTGTATTTTAATC/G	0.005873
6	138122349	6:138122349_C/T	0.03701
6	138122390	6:138122390_T/G	0.0146
6	138122424	6:138122424_T/A	0.09584
6	138122427	6:138122427_G/A	0.8609
6	138122437	6:138122437_G/A	0.5597
6	138122527	6:138122527_C/G	0.987
6	138122533	6:138122533_T/C	0.3439
6	138122542	6:138122542_C/G	0.0203
6	138122650	6:138122650_G/A	0.2519
6	138122802	6:138122802_G/A	0.005873
6	138122811	6:138122811_G/T	0.007814
6	138122882	6:138122882_C/T	0.6375
6	138123167	6:138123167_C/T	0.08378
6	138123232	6:138123232_A/G	0.002915
6	138123249	6:138123249_C/T	0.1203
6	138123778	6:138123778_C/A	0.009646
6	138123848	6:138123848_G/A	0.8756
6	138124000	6:138124000_G/T	0.436
6	138124001	6:138124001_A/C	0.2709
6	138124002	6:138124002_G/A	0.436
6	138124029	6:138124029_G/A	0.7539
6	138124126	6:138124126_G/T	0.1321
6	138124140	6:138124140_T/C	0.8685
6	138124160	6:138124160_T/C	0.00905
6	138124165	6:138124165_T/G	0.00905
6	138124285	6:138124285_C/A	0.5927
6	138124285	6:138124285_C/T	0.3255
6	138124292	6:138124292_G/C	0.04002
6	138124302	6:138124302_C/T	0.05285
6	138124303	6:138124303_G/A	0.3217
6	138124333	6:138124333_A/AGAATT	0.009032
6	138124448	6:138124448_G/A	0.02427
6	138124509	6:138124509_T/G	0.6522
6	138124515	6:138124515_G/C	0.7372
6	138124606	6:138124606_T/C	0.1127
6	138124609	6:138124609_C/T	0.5532
6	138124725	6:138124725_A/G	0.522
6	138124769	6:138124769_G/C	0.007547
6	138124806	6:138124806_AC/A	0.6942
6	138124807	6:138124807_C/T	0.9201
6	138124817	6:138124817_T/C	0.05547
6	138124818	6:138124818_C/T	0.6177
6	138124845	6:138124845_G/C	0.9401
6	138124932	6:138124932_C/T	0.02198
6	138124990	6:138124990_A/G	0.008608
6	138125001	6:138125001_G/T	0.9313
6	138125028	6:138125028_C/T	0.7578
6	138125029	6:138125029_G/A	0.6176
6	138125125	6:138125125_G/A	0.06359
6	138125260	6:138125260_G/A	0.006888
6	138125296	6:138125296_T/C	0.5484
6	138125313	6:138125313_CT/C	0.3137
6	138125332	6:138125332_C/T	0.02628
6	138125349	6:138125349_C/T	0.02157
6	138125375	6:138125375_C/T	0.8137
6	138125388	6:138125388_T/C	0.5119
6	138125428	6:138125428_G/A	0.9448
6	138125434	6:138125434_G/A	0.01584
6	138125460	6:138125460_G/A	0.01156
6	138125477	6:138125477_T/C	0.00764
6	138125478	6:138125478_G/T	0.1867
6	138125492	6:138125492_A/G	0.2311
6	138125494	6:138125494_C/A	0.7632
6	138125494	6:138125494_C/T	0.6026
6	138125504	6:138125504_C/T	0.00764
6	138125526	6:138125526_G/A	0.1811
6	138125692	6:138125692_C/T	0.01248
6	138125758	6:138125758_G/A	0.3633
6	138125820	6:138125820_A/G	0.3456
6	138125854	6:138125854_A/G	0.03543
6	138125990	6:138125990_G/A	0.8767
6	138126040	6:138126040_A/T	0.3553
6	138126125	6:138126125_T/A	0.5925
6	138126205	6:138126205_G/C	0.8001
6	138126282	6:138126282_T/C	0.005535
6	138126304	6:138126304_G/A	0.005535
6	138126374	6:138126374_C/T	0.4668
6	138126411	6:138126411_C/T	0.1631
6	138126508	6:138126508_C/T	0.6791
6	138126534	6:138126534_A/G	0.325
6	138126553	6:138126553_T/C	0.6223
6	138126560	6:138126560_C/A	0.6223
6	138126579	6:138126579_C/T	0.003527
6	138126716	6:138126716_C/T	0.06206
6	138126717	6:138126717_G/A	0.1345
6	138126766	6:138126766_AG/A	0.8246
6	138126776	6:138126776_C/T	0.609
6	138126813	6:138126813_G/A	0.1965
6	138126902	6:138126902_G/A	0.01039
6	138126906	6:138126906_C/T	0.6989
6	138126908	6:138126908_A/C	0.01039
6	138127006	6:138127006_C/T	0.03012
6	138127007	6:138127007_G/A	0.1877
6	138127022	6:138127022_G/T	0.9112
6	138127047	6:138127047_C/T	0.1592
6	138127048	6:138127048_G/A	0.5488
6	138127052	6:138127052_C/G	0.01098
6	138127053	6:138127053_C/T	0.03087
6	138127065	6:138127065_C/T	0.06297
6	138127090	6:138127090_C/T	0.05804
6	138127220	6:138127220_A/G	0.01001
6	138127268	6:138127268_G/GC	0.8281
6	138127291	6:138127291_C/T	0.9989
6	138127313	6:138127313_G/T	0.04712
6	138127463	6:138127463_C/T	0.9339
6	138127518	6:138127518_G/A	0.2201
6	138127646	6:138127646_T/C	0.006888
6	138127653	6:138127653_G/T	0.3558
6	138127705	6:138127705_AAGAAAGAAAGAAAG/A	0.987
6	138127795	6:138127795_AAAAG/A	0.2961
6	138127812	6:138127812_GA/G	0.1631
6	138127853	6:138127853_C/T	0.987
6	138127872	6:138127872_A/G	0.009689
6	138127941	6:138127941_C/T	0.009689
6	138127956	6:138127956_G/A	0.7801
6	138128005	6:138128005_T/C	0.5811
6	138128014	6:138128014_A/C	0.04073
6	138128107	6:138128107_G/A	0.4522
6	138128122	6:138128122_A/G	0.8547
6	138128148	6:138128148_G/A	0.6251
6	138128152	6:138128152_G/A	0.8319
6	138128155	6:138128155_T/C	0.08115
6	138128246	6:138128246_C/T	0.7509
6	138128263	6:138128263_C/T	0.8033
6	138128264	6:138128264_G/A	0.756
6	138128352	6:138128352_C/T	0.4576
6	138128369	6:138128369_C/A	0.8446
6	138128370	6:138128370_A/G	0.0581
6	138128412	6:138128412_C/T	0.8875
6	138128413	6:138128413_G/A	0.4502
6	138128426	6:138128426_A/G	0.009689
6	138128497	6:138128497_G/A	0.3323
6	138128568	6:138128568_G/C	0.006888
6	138128870	6:138128870_C/T	0.7462
6	138128879	6:138128879_G/A	0.6003
6	138128902	6:138128902_A/G	0.1251
6	138128917	6:138128917_G/A	0.1466
6	138128951	6:138128951_TC/T	0.6668
6	138128955	6:138128955_C/T	0.9722
6	138128956	6:138128956_C/T	0.009689
6	138128980	6:138128980_G/A	0.4697
6	138128988	6:138128988_C/T	0.7128
6	138129035	6:138129035_C/T	0.08834
6	138129036	6:138129036_G/A	0.5216
6	138129123	6:138129123_C/T	0.4251
6	138129124	6:138129124_G/A	0.8258
6	138129143	6:138129143_T/G	0.009689
6	138129156	6:138129156_A/C	0.3444
6	138129166	6:138129166_C/T	0.7529
6	138129167	6:138129167_G/A	0.009689
6	138129221	6:138129221_C/T	0.9516
6	138129336	6:138129336_T/C	0.6257
6	138129364	6:138129364_G/A	0.07361
6	138129378	6:138129378_A/G	0.009689
6	138129383	6:138129383_T/G	0.009689
6	138129470	6:138129470_G/T	0.5461
6	138129509	6:138129509_G/A	0.9486
6	138129530	6:138129530_A/G	0.6176
6	138129538	6:138129538_A/G	0.8736
6	138129546	6:138129546_G/A	0.6026
6	138129586	6:138129586_C/A	0.009689
6	138129682	6:138129682_A/C	0.009689
6	138129713	6:138129713_G/A	0.6891
6	138129751	6:138129751_G/A	0.9393
6	138129830	6:138129830_T/TATC	0.2565
6	138129853	6:138129853_G/A	0.005203
6	138129940	6:138129940_A/G	0.3021
6	138129947	6:138129947_T/C	0.7522
6	138129962	6:138129962_C/A	0.0581
6	138130082	6:138130082_G/A	0.4932
6	138130113	6:138130113_G/A	0.009689
6	138130163	6:138130163_G/A	0.7632
6	138130202	6:138130202_T/C	0.6473
6	138130206	6:138130206_A/G	0.9061
6	138130242	6:138130242_C/T	0.009689
6	138130261	6:138130261_G/A	0.06206
6	138130324	6:138130324_G/A	0.009689
6	138130476	6:138130476_A/C	0.337
6	138130478	6:138130478_T/C	0.9158
6	138130508	6:138130508_G/T	0.964
6	138130565	6:138130565_A/G	0.9095
6	138130643	6:138130643_C/A	0.9999
6	138130672	6:138130672_A/T	0.2938
6	138130678	6:138130678_C/T	0.3558
6	138130680	6:138130680_C/T	0.9517
6	138130719	6:138130719_C/T	0.7308
6	138130766	6:138130766_G/A	0.3444
6	138130774	6:138130774_T/C	0.008728
6	138130779	6:138130779_G/A	0.219
6	138130829	6:138130829_T/C	0.4249
6	138130852	6:138130852_C/T	0.94
6	138130861	6:138130861_G/A	0.005896
6	138130863	6:138130863_T/C	0.04687
6	138130913	6:138130913_A/G	0.5624
6	138130928	6:138130928_A/G	0.0414
6	138130994	6:138130994_G/A	0.004919
6	138131081	6:138131081_G/A	0.8298
6	138131085	6:138131085_G/A	0.5423
6	138131151	6:138131151_G/A	0.9516
6	138131191	6:138131191_G/A	0.7754
6	138131211	6:138131211_C/T	0.5791
6	138131273	6:138131273_T/C	0.7084
6	138131506	6:138131506_A/T	0.9027
6	138131534	6:138131534_C/T	0.4026
6	138131550	6:138131550_G/A	0.4401
6	138131610	6:138131610_C/G	0.4389
6	138131634	6:138131634_T/G	0.3415
6	138131648	6:138131648_G/A	0.6063
6	138131749	6:138131749_T/G	0.3389
6	138131848	6:138131848_T/C	0.9082
6	138131858	6:138131858_G/A	0.4139
6	138131910	6:138131910_T/C	0.4489
6	138132009	6:138132009_T/C	0.2201
6	138132012	6:138132012_C/T	0.7688
6	138132112	6:138132112_G/C	0.4698
6	138132388	6:138132388_G/A	0.9306
6	138132421	6:138132421_G/T	0.3668
6	138132490	6:138132490_A/G	0.9158
6	138132491	6:138132491_C/T	0.6271
6	138132550	6:138132550_T/C	0.4258
6	138132575	6:138132575_T/C	0.7309
6	138132717	6:138132717_C/T	0.05586
6	138132737	6:138132737_C/CT	0.5062
6	138132827	6:138132827_C/T	0.6665
6	138132949	6:138132949_T/G	0.5754
6	138132982	6:138132982_G/A	0.9665
6	138133001	6:138133001_G/T	0.6151
6	138133022	6:138133022_G/T	0.00622
6	138133071	6:138133071_C/A	0.6936
6	138133076	6:138133076_C/T	0.6151
6	138133081	6:138133081_T/C	0.2971
6	138133124	6:138133124_A/G	0.6513
6	138133138	6:138133138_T/C	0.8033
6	138133163	6:138133163_G/A	0.1065
6	138133207	6:138133207_A/G	0.4137
6	138133296	6:138133296_C/G	0.122
6	138133470	6:138133470_C/G	0.6879
6	138133502	6:138133502_C/T	0.3611
6	138133515	6:138133515_A/C	0.4091
6	138133695	6:138133695_G/A	0.7365
6	138133903	6:138133903_C/A	0.5
6	138133911	6:138133911_C/T	0.1065
6	138134071	6:138134071_G/T	0.7571
6	138134091	6:138134091_T/C	0.8479
6	138134210	6:138134210_C/T	0.9275
6	138134366	6:138134366_G/A	0.5
6	138134475	6:138134475_A/T	0.6271
6	138134480	6:138134480_T/C	0.0422
6	138134503	6:138134503_A/G	0.7095
6	138134514	6:138134514_C/G	0.8767
6	138134646	6:138134646_T/C	0.486
6	138134779	6:138134779_C/T	0.01224
6	138134781	6:138134781_C/T	0.8519
6	138134787	6:138134787_G/A	0.6179
6	138134852	6:138134852_T/C	0.2133
6	138134874	6:138134874_T/G	0.1108
6	138134876	6:138134876_T/A	0.02374
6	138134879	6:138134879_T/G	0.5478
6	138134934	6:138134934_G/A	0.5055
6	138134959	6:138134959_G/A	0.7331
6	138134977	6:138134977_A/G	0.4374
6	138135073	6:138135073_C/T	0.7523
6	138135115	6:138135115_G/A	0.4322
6	138135115	6:138135115_G/T	0.8656
6	138135164	6:138135164_G/A	0.02427
6	138135212	6:138135212_T/A	0.7084
6	138135246	6:138135246_C/T	0.00528
6	138135277	6:138135277_A/G	0.1623
6	138135284	6:138135284_G/T	0.634
6	138135303	6:138135303_T/C	0.5365
6	138135325	6:138135325_T/C	0.1979
6	138135344	6:138135344_A/G	0.1979
6	138135405	6:138135405_C/T	0.2354
6	138135417	6:138135417_C/G	0.5319
6	138135525	6:138135525_C/T	0.7728
6	138135582	6:138135582_T/C	0.4325
6	138135726	6:138135726_C/T	0.07598
6	138135738	6:138135738_T/C	0.3194
6	138135750	6:138135750_G/A	0.5256
6	138135923	6:138135923_C/T	0.4175
6	138135973	6:138135973_A/C	0.5074
6	138136012	6:138136012_T/C	0.9989
6	138136055	6:138136055_A/C	0.09656
6	138136144	6:138136144_G/A	0.3686
6	138136232	6:138136232_T/C	0.1035
6	138136320	6:138136320_C/T	0.3142
6	138136343	6:138136343_T/C	0.1012
6	138136403	6:138136403_A/G	0.1123
6	138136421	6:138136421_G/C	0.09113
6	138136447	6:138136447_A/G	0.2997
6	138136474	6:138136474_G/T	0.1665
6	138136504	6:138136504_C/T	0.148
6	138136507	6:138136507_T/G	0.2667
6	138136536	6:138136536_G/A	0.5011
6	138136575	6:138136575_G/A	0.03094
6	138136593	6:138136593_G/A	0.9849
6	138136610	6:138136610_C/G	0.6243
6	138136681	6:138136681_G/A	0.1083
6	138136700	6:138136700_C/T	0.1061
6	138136736	6:138136736_G/A	0.8595
6	138136826	6:138136826_T/C	0.204
6	138136892	6:138136892_G/A	0.204
6	138136930	6:138136930_G/A	0.9658
6	138136947	6:138136947_G/A	0.1976
6	138137049	6:138137049_G/A	0.7294
6	138137072	6:138137072_G/A	0.1023
6	138137108	6:138137108_G/T	0.4087
6	138137160	6:138137160_AAAAT/A	0.07549
6	138137224	6:138137224_C/T	0.1408
6	138137228	6:138137228_A/T	0.09616
6	138137454	6:138137454_G/A	0.2549
6	138137467	6:138137467_C/T	0.9898
6	138137479	6:138137479_A/G	0.3411
6	138137510	6:138137510_A/G	0.04701
6	138137539	6:138137539_G/A	0.8728
6	138137549	6:138137549_C/G	0.7337
6	138137576	6:138137576_C/T	0.03754
6	138137610	6:138137610_G/A	0.4142
6	138137780	6:138137780_A/G	0.09776
6	138137940	6:138137940_T/C	0.205
6	138138003	6:138138003_C/T	0.4064
6	138138100	6:138138100_C/T	0.09668
6	138138215	6:138138215_C/T	0.8127
6	138138216	6:138138216_G/A	0.0554
6	138138286	6:138138286_T/C	0.4917
6	138138301	6:138138301_C/T	0.1257
6	138138438	6:138138438_G/A	0.5338
6	138138526	6:138138526_T/C	0.002834
6	138138575	6:138138575_C/T	0.5384
6	138138604	6:138138604_T/C	0.08788
6	138138633	6:138138633_G/A	0.0465
6	138138645	6:138138645_C/A	0.05265
6	138138647	6:138138647_C/T	0.007395
6	138138725	6:138138725_A/G	0.07964
6	138138761	6:138138761_G/C	0.3504
6	138138830	6:138138830_T/C	0.1009
6	138138841	6:138138841_A/T	0.9239
6	138138849	6:138138849_A/G	0.621
6	138138992	6:138138992_T/C	0.09661
6	138139004	6:138139004_C/T	0.9705
6	138139090	6:138139090_CCCCAT/C	0.4021
6	138139102	6:138139102_T/C	0.01111
6	138139184	6:138139184_G/A	0.2272
6	138139218	6:138139218_G/A	0.2799
6	138139239	6:138139239_A/G	0.2375
6	138139247	6:138139247_T/G	0.2441
6	138139254	6:138139254_C/T	0.9418
6	138139262	6:138139262_C/T	0.2457
6	138139288	6:138139288_A/G	0.1692
6	138139317	6:138139317_C/T	0.9003
6	138139359	6:138139359_A/T	0.3882
6	138139363	6:138139363_A/AG	0.6356
6	138139368	6:138139368_G/A	0.2997
6	138139501	6:138139501_G/A	0.289
6	138139531	6:138139531_C/G	0.1638
6	138139555	6:138139555_T/C	0.06564
6	138139594	6:138139594_T/A	0.8739
6	138139715	6:138139715_T/C	0.05566
6	138139717	6:138139717_T/C	0.2413
6	138139746	6:138139746_G/A	0.007059
6	138139758	6:138139758_G/A	0.233
6	138139902	6:138139902_T/G	0.3732
6	138139925	6:138139925_A/T	0.7185
6	138139984	6:138139984_G/T	0.81
6	138139999	6:138139999_T/G	0.1858
6	138140016	6:138140016_G/A	0.1681
6	138140040	6:138140040_C/T	0.1526
6	138140041	6:138140041_G/A	0.5793
6	138140042	6:138140042_C/T	0.8424
6	138140043	6:138140043_G/A	0.4366
6	138140110	6:138140110_T/C	0.04265
6	138140188	6:138140188_C/T	0.1833
6	138140421	6:138140421_GCCATAGGTCACATC/G	0.4056
6	138140533	6:138140533_C/A	0.1631
6	138140540	6:138140540_A/G	0.9543
6	138140543	6:138140543_G/C	0.1422
6	138140578	6:138140578_C/A	0.5441
6	138140596	6:138140596_T/G	0.1278
6	138140662	6:138140662_A/G	0.3217
6	138140739	6:138140739_G/T	0.04699
6	138140795	6:138140795_TATC/T	0.2163
6	138140834	6:138140834_C/T	0.204
6	138140862	6:138140862_G/A	0.3792
6	138140888	6:138140888_G/A	0.3368
6	138140923	6:138140923_G/GC	0.02377
6	138140937	6:138140937_A/G	0.1141
6	138140996	6:138140996_G/T	0.9197
6	138141079	6:138141079_C/A	0.02098
6	138141085	6:138141085_C/T	0.1284
6	138141096	6:138141096_T/C	0.1167
6	138141152	6:138141152_G/T	0.1573
6	138141188	6:138141188_A/G	0.4002
6	138141335	6:138141335_G/A	0.7835
6	138141461	6:138141461_G/A	0.1706
6	138141488	6:138141488_C/T	0.08966
6	138141537	6:138141537_CT/C	0.4552
6	138141539	6:138141539_T/G	0.001207
6	138141541	6:138141541_T/C	0.5163
6	138141594	6:138141594_G/A	0.7298
6	138141751	6:138141751_C/T	0.1218
6	138141812	6:138141812_G/A	0.6149
6	138141833	6:138141833_C/T	0.2115
6	138141834	6:138141834_G/A	0.7466
6	138141917	6:138141917_G/A	0.04486
6	138141940	6:138141940_C/T	0.6157
6	138141949	6:138141949_G/A	0.5728
6	138141991	6:138141991_G/A	0.4273
6	138142023	6:138142023_A/G	0.2823
6	138142030	6:138142030_T/G	0.1278
6	138142069	6:138142069_G/A	0.0708
6	138142073	6:138142073_T/G	0.5563
6	138142077	6:138142077_G/A	0.2848
6	138142082	6:138142082_C/T	0.1257
6	138142093	6:138142093_C/T	0.5649
6	138142125	6:138142125_G/GC	0.1278
6	138142150	6:138142150_C/T	0.2637
6	138142183	6:138142183_T/G	0.1278
6	138142261	6:138142261_T/C	0.7294
6	138142267	6:138142267_C/T	0.1585
6	138142272	6:138142272_T/G	0.3683
6	138142308	6:138142308_C/T	0.3167
6	138142335	6:138142335_T/G	0.659
6	138142350	6:138142350_G/A	0.1283
6	138142399	6:138142399_C/A	0.407
6	138142405	6:138142405_C/T	0.9335
6	138142418	6:138142418_T/C	0.8739
6	138142488	6:138142488_G/A	0.7294
6	138142521	6:138142521_A/G	0.9262
6	138142534	6:138142534_T/C	0.651
6	138142541	6:138142541_G/A	0.9772
6	138142543	6:138142543_C/G	0.1706
6	138142555	6:138142555_G/A	0.1547
6	138142603	6:138142603_T/C	0.8228
6	138142869	6:138142869_C/T	0.2471
6	138142955	6:138142955_CATATATGTGA/C	0.1547
6	138142957	6:138142957_T/C	0.5513
6	138143000	6:138143000_A/G	0.204
6	138143144	6:138143144_TACC/T	0.1249
6	138143184	6:138143184_T/C	0.9826
6	138143274	6:138143274_T/C	0.001249
6	138143290	6:138143290_G/A	0.7099
6	138143353	6:138143353_C/T	0.4584
6	138143413	6:138143413_T/C	0.1592
6	138143488	6:138143488_T/G	0.0554
6	138143515	6:138143515_G/A	0.4494
6	138143539	6:138143539_G/C	0.7627
6	138143545	6:138143545_C/T	0.5397
6	138143628	6:138143628_T/C	0.2657
6	138143693	6:138143693_A/C	0.4996
6	138143739	6:138143739_T/C	0.3698
6	138143811	6:138143811_G/A	0.5736
6	138143834	6:138143834_G/A	0.1257
6	138143874	6:138143874_C/T	0.7839
6	138144043	6:138144043_ATTC/A	0.4419
6	138144051	6:138144051_A/G	0.6348
6	138144109	6:138144109_G/A	0.6026
6	138144210	6:138144210_G/T	0.463
6	138144257	6:138144257_T/C	0.8072
6	138144388	6:138144388_T/TC	0.8533
6	138144522	6:138144522_C/T	0.232
6	138144546	6:138144546_G/T	0.2075
6	138144550	6:138144550_A/G	0.204
6	138144595	6:138144595_T/A	0.4659
6	138144981	6:138144981_G/T	0.8279
6	138145040	6:138145040_C/T	0.03499
6	138145074	6:138145074_C/T	0.6306
6	138145153	6:138145153_T/C	0.8665
6	138145189	6:138145189_C/T	0.031
6	138145203	6:138145203_T/A	0.3786
6	138145489	6:138145489_C/A	0.4006
6	138145635	6:138145635_C/T	0.5419
6	138145741	6:138145741_A/C	0.8799
6	138145778	6:138145778_C/T	0.4946
6	138145853	6:138145853_C/A	0.4455
6	138145934	6:138145934_C/G	0.466
6	138146012	6:138146012_G/C	0.5941
6	138146078	6:138146078_C/T	0.5306
6	138146535	6:138146535_T/C	0.2063
6	138146586	6:138146586_A/G	0.3176
6	138146613	6:138146613_C/T	0.6111
6	138146623	6:138146623_A/G	0.7687
6	138146763	6:138146763_C/A	0.6478
6	138146926	6:138146926_G/C	0.3746
6	138146936	6:138146936_G/A	0.08976
6	138147375	6:138147375_G/A	0.4166
6	138147377	6:138147377_G/A	0.427
6	138147411	6:138147411_T/C	0.7176
6	138147476	6:138147476_A/G	0.6888
6	138147523	6:138147523_C/A	0.1452
6	138147602	6:138147602_C/CTTAT	0.4889
6	138147617	6:138147617_A/T	0.706
6	138147621	6:138147621_A/AT	0.4124
6	138147621	6:138147621_A/T	0.6032
6	138147625	6:138147625_T/A	0.7995
6	138147636	6:138147636_C/T	0.8051
6	138147691	6:138147691_C/T	0.5592
6	138147759	6:138147759_C/T	0.4023
6	138147763	6:138147763_C/T	0.6025
6	138147845	6:138147845_G/T	0.4119
6	138147932	6:138147932_G/T	0.3018
6	138147934	6:138147934_C/T	0.8738
6	138147942	6:138147942_A/G	0.2831
6	138148417	6:138148417_TATC/T	0.5532
6	138148428	6:138148428_A/G	0.8254
6	138148516	6:138148516_C/A	0.2536
6	138148517	6:138148517_G/A	0.3871
6	138148536	6:138148536_G/T	0.3698
6	138148539	6:138148539_T/C	0.3698
6	138148588	6:138148588_A/C	0.2536
6	138148852	6:138148852_G/T	0.08952
6	138148896	6:138148896_C/G	0.1443
6	138148900	6:138148900_C/T	0.007392
6	138148923	6:138148923_A/G	0.3993
6	138148977	6:138148977_G/A	0.9487
6	138149040	6:138149040_C/T	0.3512
6	138149160	6:138149160_A/T	0.8762
6	138149245	6:138149245_C/A	0.9601
6	138149352	6:138149352_G/A	0.1964
6	138149401	6:138149401_A/G	0.4154
6	138149410	6:138149410_T/TAC	0.6406
6	138149422	6:138149422_A/G	0.4444
6	138149560	6:138149560_A/T	0.8539
6	138149690	6:138149690_T/C	0.4101
6	138149850	6:138149850_C/T	0.5543
6	138150130	6:138150130_A/G	0.8941
6	138150200	6:138150200_A/G	0.1315
6	138150348	6:138150348_A/G	0.3446
6	138150408	6:138150408_CATG/C	0.4154
6	138150483	6:138150483_A/T	0.09682
6	138150619	6:138150619_AGAATTG/A	0.7238
6	138150665	6:138150665_T/A	0.1457
6	138150691	6:138150691_A/T	0.8167
6	138150817	6:138150817_T/C	0.3117
6	138150851	6:138150851_C/T	0.2853
6	138150868	6:138150868_C/G	0.2431
6	138150882	6:138150882_G/A	0.1369
6	138150926	6:138150926_G/T	0.2681
6	138150992	6:138150992_G/A	0.7758
6	138151327	6:138151327_T/G	0.8522
6	138151351	6:138151351_G/A	0.9117
6	138151355	6:138151355_C/T	0.9549
6	138151406	6:138151406_G/A	0.1638
6	138151739	6:138151739_T/A	0.5619
6	138151750	6:138151750_T/C	0.8521
6	138151787	6:138151787_T/A	0.2681
6	138151793	6:138151793_T/G	0.9852
6	138152243	6:138152243_C/T	0.3405
6	138152246	6:138152246_C/G	0.6456
6	138152386	6:138152386_C/CTTA	0.1979
6	138152431	6:138152431_G/T	0.1053
6	138152448	6:138152448_C/T	0.563
6	138152600	6:138152600_A/G	0.2379
6	138152664	6:138152664_A/G	0.7199
6	138152741	6:138152741_C/T	0.4223
6	138152792	6:138152792_C/T	0.9474
6	138152878	6:138152878_T/C	0.368
6	138152910	6:138152910_A/C	0.1521
6	138153020	6:138153020_T/C	0.3308
6	138153051	6:138153051_A/T	0.4112
6	138153153	6:138153153_GT/G	0.08472
6	138153210	6:138153210_TG/T	0.3041
6	138153266	6:138153266_C/T	0.9697
6	138153282	6:138153282_G/A	0.3544
6	138153305	6:138153305_C/CT	0.4476
6	138153491	6:138153491_C/G	0.8227
6	138153494	6:138153494_G/T	0.4347
6	138153601	6:138153601_A/G	0.9332
6	138153636	6:138153636_C/G	0.2565
6	138153716	6:138153716_A/G	0.8606
6	138153780	6:138153780_G/T	0.41
6	138153914	6:138153914_A/G	0.5461
6	138153919	6:138153919_AC/A	0.2529
6	138153941	6:138153941_G/A	0.2529
6	138154008	6:138154008_TA/T	0.7272
6	138154053	6:138154053_A/G	0.178
6	138154096	6:138154096_G/A	0.4329
6	138154106	6:138154106_C/T	0.8499
6	138154147	6:138154147_C/T	0.9256
6	138154307	6:138154307_A/G	0.6429
6	138154407	6:138154407_C/CT	0.2068
6	138154495	6:138154495_A/G	0.6546
6	138154586	6:138154586_T/A	0.1006
6	138154690	6:138154690_G/C	0.1824
6	138154771	6:138154771_A/G	0.7885
6	138154866	6:138154866_T/C	0.9903
6	138155157	6:138155157_C/T	0.3275
6	138155201	6:138155201_G/A	0.7446
6	138155414	6:138155414_G/A	0.5517
6	138155419	6:138155419_C/A	0.6079
6	138155473	6:138155473_G/C	0.1749
6	138155528	6:138155528_C/G	0.9599
6	138155535	6:138155535_G/T	0.2376
6	138155742	6:138155742_T/G	0.9325
6	138155891	6:138155891_G/C	0.8087
6	138155893	6:138155893_A/G	0.8874
6	138156007	6:138156007_C/T	0.2827
6	138156167	6:138156167_C/A	0.295
6	138156228	6:138156228_A/G	0.183
6	138156234	6:138156234_A/G	0.3657
6	138156416	6:138156416_G/C	0.3983
6	138156434	6:138156434_C/T	0.6765
6	138156467	6:138156467_G/T	0.1228
6	138156493	6:138156493_C/T	0.5726
6	138156504	6:138156504_T/G	0.3134
6	138156577	6:138156577_C/T	0.4692
6	138156767	6:138156767_G/GA	0.2055
6	138156809	6:138156809_G/A	0.7764
6	138156817	6:138156817_A/G	0.05418
6	138156899	6:138156899_G/A	0.86
6	138156959	6:138156959_A/G	0.09909
6	138157051	6:138157051_T/C	0.9151
6	138157070	6:138157070_A/G	0.1528
6	138157079	6:138157079_G/A	0.1088
6	138157390	6:138157390_A/G	0.1622
6	138157620	6:138157620_A/T	0.5199
6	138157621	6:138157621_T/A	0.1547
6	138157630	6:138157630_T/A	0.8253
6	138157719	6:138157719_C/T	0.563
6	138157720	6:138157720_G/A	0.2031
6	138157831	6:138157831_T/C	0.4112
6	138157886	6:138157886_G/A	0.2662
6	138157914	6:138157914_A/G	0.7611
6	138157971	6:138157971_G/A	0.122
6	138157986	6:138157986_C/T	0.7001
6	138158033	6:138158033_GATA/G	0.8738
6	138158055	6:138158055_A/G	0.2938
6	138158113	6:138158113_A/C	0.4188
6	138158146	6:138158146_A/G	0.836
6	138158386	6:138158386_G/A	0.232
6	138158396	6:138158396_G/A	0.6239
6	138158432	6:138158432_T/C	0.573
6	138158633	6:138158633_A/G	0.09616
6	138158809	6:138158809_C/T	0.9516
6	138158926	6:138158926_A/G	0.4167
6	138158931	6:138158931_C/T	0.09808
6	138159025	6:138159025_T/C	0.4154
6	138159082	6:138159082_G/T	0.4582
6	138159116	6:138159116_C/T	0.4122
6	138159150	6:138159150_G/T	0.5604
6	138159244	6:138159244_T/C	0.6305
6	138159435	6:138159435_G/A	0.5179
6	138159481	6:138159481_C/G	0.8967
6	138159536	6:138159536_A/G	0.8661
6	138159604	6:138159604_A/G	0.2681
6	138159605	6:138159605_T/C	0.6441
6	138159857	6:138159857_A/G	0.6671
6	138159991	6:138159991_C/T	0.3039
6	138160006	6:138160006_C/CT	0.8334
6	138160263	6:138160263_T/G	0.1749
6	138160273	6:138160273_C/T	0.1011
6	138160402	6:138160402_C/T	0.06817
6	138160464	6:138160464_C/T	0.2048
6	138160475	6:138160475_C/T	0.7136
6	138160535	6:138160535_G/A	0.1918
6	138160551	6:138160551_A/G	0.9361
6	138160564	6:138160564_C/G	0.3033
6	138160654	6:138160654_GTTA/G	0.9061
6	138160732	6:138160732_A/G	0.4194
6	138160742	6:138160742_G/A	0.9689
6	138160994	6:138160994_C/T	0.7326
6	138161034	6:138161034_GA/G	0.2376
6	138161061	6:138161061_C/T	0.3192
6	138161078	6:138161078_G/A	0.01
6	138161154	6:138161154_A/G	0.7502
6	138161180	6:138161180_A/G	0.8654
6	138161194	6:138161194_C/T	0.9678
6	138161195	6:138161195_G/A	0.3717
6	138161211	6:138161211_G/A	0.368
6	138161444	6:138161444_C/T	0.4312
6	138161521	6:138161521_C/T	0.4154
6	138161533	6:138161533_C/T	0.09616
6	138161644	6:138161644_C/A	0.4007
6	138161656	6:138161656_G/A	0.9408
6	138161687	6:138161687_G/C	0.1824
6	138161804	6:138161804_CTG/C	0.07698
6	138161991	6:138161991_G/A	0.5999
6	138162016	6:138162016_G/A	0.749
6	138162044	6:138162044_GACAA/G	0.3405
6	138162061	6:138162061_C/T	0.4249
6	138162077	6:138162077_A/C	0.7646
6	138162255	6:138162255_C/T	0.337
6	138162268	6:138162268_C/T	0.3958
6	138162390	6:138162390_T/C	0.9524
6	138162452	6:138162452_T/C	0.3713
6	138162679	6:138162679_C/T	0.3399
6	138162839	6:138162839_A/G	0.4182
6	138162841	6:138162841_A/T	0.9704
6	138162883	6:138162883_G/A	0.8135
6	138162989	6:138162989_G/C	0.2938
6	138163002	6:138163002_T/C	0.5147
6	138163143	6:138163143_CTG/C	0.134
6	138163167	6:138163167_G/A	0.2281
6	138163317	6:138163317_G/A	0.5965
6	138163341	6:138163341_C/T	0.4439
6	138163424	6:138163424_G/A	0.1269
6	138163486	6:138163486_G/C	0.2472
6	138163788	6:138163788_A/G	0.7263
6	138163906	6:138163906_C/T	0.3355
6	138163924	6:138163924_T/C	0.4196
6	138164087	6:138164087_A/T	0.5184
6	138164109	6:138164109_C/CT	0.4837
6	138164114	6:138164114_T/A	0.8698
6	138164117	6:138164117_TTTC/T	0.5662
6	138164403	6:138164403_A/G	0.794
6	138164472	6:138164472_C/T	0.843
6	138164480	6:138164480_C/T	0.9308
6	138164481	6:138164481_G/A	0.2368
6	138164532	6:138164532_C/T	0.1517
6	138164546	6:138164546_C/T	0.09196
6	138164606	6:138164606_C/T	0.4476
6	138164618	6:138164618_G/A	0.375
6	138164712	6:138164712_C/T	0.5325
6	138164713	6:138164713_G/A	0.5602
6	138164724	6:138164724_C/T	0.4148
6	138164755	6:138164755_G/C	0.9511
6	138164760	6:138164760_C/T	0.7298
6	138164869	6:138164869_AT/A	0.3028
6	138164875	6:138164875_T/A	0.2299
6	138164886	6:138164886_T/A	0.7463
6	138164899	6:138164899_C/T	0.5479
6	138164923	6:138164923_G/A	0.7337
6	138165334	6:138165334_G/A	0.2995
6	138165336	6:138165336_A/G	0.9551
6	138165454	6:138165454_ACT/A	0.4154
6	138165460	6:138165460_A/G	0.348
6	138165557	6:138165557_G/A	0.02575
6	138165615	6:138165615_G/A	0.5147
6	138165728	6:138165728_A/T	0.5612
6	138165733	6:138165733_GTT/G	0.3217
6	138165763	6:138165763_G/A	0.5336
6	138165812	6:138165812_G/GC	0.2662
6	138165832	6:138165832_G/T	0.8538
6	138165899	6:138165899_G/A	0.1358
6	138165908	6:138165908_T/C	0.9171
6	138166001	6:138166001_A/G	0.337
6	138166004	6:138166004_A/AT	0.2891
6	138166026	6:138166026_T/C	0.1626
6	138166114	6:138166114_C/T	0.669
6	138166165	6:138166165_G/A	0.7196
6	138166286	6:138166286_C/T	0.8538
6	138166396	6:138166396_A/C	0.06848
6	138166401	6:138166401_A/G	0.6945
6	138166408	6:138166408_G/A	0.9625
6	138166550	6:138166550_C/T	0.1091
6	138166558	6:138166558_C/CA	0.3857
6	138166708	6:138166708_C/T	0.4115
6	138166748	6:138166748_C/T	0.4187
6	138166795	6:138166795_G/C	0.06835
6	138166901	6:138166901_C/G	0.7162
6	138166909	6:138166909_TC/T	0.022
6	138167035	6:138167035_C/T	0.007413
6	138167093	6:138167093_T/G	0.9216
6	138167158	6:138167158_A/G	0.9236
6	138167170	6:138167170_T/TA	0.3435
6	138167195	6:138167195_A/AT	0.5821
6	138167306	6:138167306_A/G	0.2446
6	138167384	6:138167384_A/T	0.5336
6	138167414	6:138167414_G/T	0.1492
6	138167635	6:138167635_G/T	0.004037
6	138167643	6:138167643_C/G	0.7162
6	138167674	6:138167674_T/G	0.4514
6	138167683	6:138167683_G/A	0.01826
6	138167742	6:138167742_A/G	0.05098
6	138167751	6:138167751_C/T	0.4184
6	138167787	6:138167787_C/T	0.2031
6	138167850	6:138167850_G/GT	0.2094
6	138167856	6:138167856_G/A	0.8275
6	138167876	6:138167876_G/A	0.7252
6	138167920	6:138167920_C/A	0.4154
6	138167921	6:138167921_T/A	0.9438
6	138167937	6:138167937_T/C	0.007413
6	138167955	6:138167955_C/T	0.8271
6	138167973	6:138167973_G/T	0.08657
6	138167996	6:138167996_T/A	0.337
6	138168006	6:138168006_A/G	0.8661
6	138168191	6:138168191_G/A	0.3962
6	138168194	6:138168194_A/T	0.03921
6	138168346	6:138168346_C/T	0.5179
6	138168454	6:138168454_G/T	0.9466
6	138168520	6:138168520_A/G	0.4154
6	138168548	6:138168548_A/T	0.5117
6	138168567	6:138168567_G/A	0.08657
6	138168762	6:138168762_T/C	0.7571
6	138168940	6:138168940_C/T	0.5179
6	138168941	6:138168941_G/A	0.004007
6	138168952	6:138168952_T/C	0.5353
6	138168957	6:138168957_T/A	0.8515
6	138169145	6:138169145_C/T	0.6528
6	138169210	6:138169210_G/T	0.2964
