#CHROM	BEG	MARKER_ID	PVALUE	MAF
6	138136447	6:138136447_A/G	0.2997	0.00076
6	138136474	6:138136474_G/T	0.1665	0.07681
6	138136504	6:138136504_C/T	0.148	0.00054
6	138136507	6:138136507_T/G	0.2667	0.00251
6	138136536	6:138136536_G/A	0.5011	0.00697
6	138136575	6:138136575_G/A	0.03094	0.00054
6	138136593	6:138136593_G/A	0.9849	0.00893
6	138136610	6:138136610_C/G	0.6243	0.00065
6	138136681	6:138136681_G/A	0.1083	0.00577
6	138136700	6:138136700_C/T	0.1061	0.00044
6	138136736	6:138136736_G/A	0.8595	0.00054
6	138136826	6:138136826_T/C	0.204	0.00054
6	138136892	6:138136892_G/A	0.204	0.04542
6	138136930	6:138136930_G/A	0.9658	0.00033
6	138136947	6:138136947_G/A	0.1976	0.00054
6	138137049	6:138137049_G/A	0.7294	0.00425
6	138137072	6:138137072_G/A	0.1023	0.17146
6	138137108	6:138137108_G/T	0.4087	0.00316
6	138137160	6:138137160_AAAAT/A	0.07549	0.00545
6	138137224	6:138137224_C/T	0.1408	0.00044
6	138137228	6:138137228_A/T	0.09616	0.00163
6	138137454	6:138137454_G/A	0.2549	0.00044
6	138137467	6:138137467_C/T	0.9898	0.00283
6	138137479	6:138137479_A/G	0.3411	0.00741
6	138137510	6:138137510_A/G	0.04701	0.00566
6	138137539	6:138137539_G/A	0.8728	0.00033
6	138137549	6:138137549_C/G	0.7337	0.00163
6	138137576	6:138137576_C/T	0.03754	0.00218
6	138137610	6:138137610_G/A	0.4142	0.00033
6	138137780	6:138137780_A/G	0.09776	0.00055
6	138137940	6:138137940_T/C	0.205	0.07637
6	138138003	6:138138003_C/T	0.4064	0.00066
6	138138100	6:138138100_C/T	0.09668	0.04120
6	138138215	6:138138215_C/T	0.8127	0.00708
6	138138216	6:138138216_G/A	0.0554	0.01481
6	138138286	6:138138286_T/C	0.4917	0.00686
6	138138301	6:138138301_C/T	0.1257	0.02789
6	138138438	6:138138438_G/A	0.5338	0.00795
6	138138526	6:138138526_T/C	0.002834	0.00893
6	138138575	6:138138575_C/T	0.5384	0.00697
6	138138604	6:138138604_T/C	0.08788	0.03094
6	138138633	6:138138633_G/A	0.0465	0.00196
6	138138645	6:138138645_C/A	0.05265	0.00871
6	138138647	6:138138647_C/T	0.007395	0.03192
6	138138725	6:138138725_A/G	0.07964	0.04129
6	138138761	6:138138761_G/C	0.3504	0.07342
6	138138830	6:138138830_T/C	0.1009	0.03333
6	138138841	6:138138841_A/T	0.9239	0.44966
6	138138849	6:138138849_A/G	0.621	0.00871
6	138138992	6:138138992_T/C	0.09661	0.00033
6	138139004	6:138139004_C/T	0.9705	0.00098
6	138139090	6:138139090_CCCCAT/C	0.4021	0.00033
6	138139102	6:138139102_T/C	0.01111	0.00425
6	138139184	6:138139184_G/A	0.2272	0.00065
6	138139218	6:138139218_G/A	0.2799	0.03214
6	138139239	6:138139239_A/G	0.2375	0.00741
6	138139247	6:138139247_T/G	0.2441	0.07200
6	138139254	6:138139254_C/T	0.9418	0.02715
6	138139262	6:138139262_C/T	0.2457	0.00055
6	138139288	6:138139288_A/G	0.1692	0.04523
6	138139317	6:138139317_C/T	0.9003	0.04499
6	138139359	6:138139359_A/T	0.3882	0.00425
6	138139363	6:138139363_A/AG	0.6356	0.00044
6	138139368	6:138139368_G/A	0.2997	0.00370
6	138139501	6:138139501_G/A	0.289	0.00741
6	138139531	6:138139531_C/G	0.1638	0.00229
6	138139555	6:138139555_T/C	0.06564	0.00044
6	138139594	6:138139594_T/A	0.8739	0.00676
6	138139715	6:138139715_T/C	0.05566	0.00076
6	138139717	6:138139717_T/C	0.2413	0.00044
6	138139746	6:138139746_G/A	0.007059	0.00054
6	138139758	6:138139758_G/A	0.233	0.00708
6	138139902	6:138139902_T/G	0.3732	0.00033
6	138139925	6:138139925_A/T	0.7185	0.00643
6	138139984	6:138139984_G/T	0.81	0.25664
6	138139999	6:138139999_T/G	0.1858	0.00240
6	138140016	6:138140016_G/A	0.1681	0.01166
6	138140040	6:138140040_C/T	0.1526	0.19553
6	138140041	6:138140041_G/A	0.5793	0.00305
6	138140042	6:138140042_C/T	0.8424	0.35806
6	138140043	6:138140043_G/A	0.4366	0.11972
6	138140110	6:138140110_T/C	0.04265	0.34368
6	138140188	6:138140188_C/T	0.1833	0.00044
6	138140421	6:138140421_GCCATAGGTCACATC/G	0.4056	0.00065
6	138140533	6:138140533_C/A	0.1631	0.30577
6	138140540	6:138140540_A/G	0.9543	0.39575
6	138140543	6:138140543_G/C	0.1422	0.22386
6	138140578	6:138140578_C/A	0.5441	0.00240
6	138140596	6:138140596_T/G	0.1278	0.01068
6	138140662	6:138140662_A/G	0.3217	0.00044
6	138140739	6:138140739_G/T	0.04699	0.14641
6	138140795	6:138140795_TATC/T	0.2163	0.00196
6	138140834	6:138140834_C/T	0.204	0.01993
6	138140862	6:138140862_G/A	0.3792	0.00076
6	138140888	6:138140888_G/A	0.3368	0.00174
6	138140923	6:138140923_G/GC	0.02377	0.49434
6	138140937	6:138140937_A/G	0.1141	0.00142
6	138140996	6:138140996_G/T	0.9197	0.00033
6	138141079	6:138141079_C/A	0.02098	0.00327
6	138141085	6:138141085_C/T	0.1284	0.09368
6	138141096	6:138141096_T/C	0.1167	0.00218
6	138141152	6:138141152_G/T	0.1573	0.00044
6	138141188	6:138141188_A/G	0.4002	0.00044
6	138141335	6:138141335_G/A	0.7835	0.00153
6	138141461	6:138141461_G/A	0.1706	0.10000
6	138141488	6:138141488_C/T	0.08966	0.46198
6	138141537	6:138141537_CT/C	0.4552	0.46187
6	138141539	6:138141539_T/G	0.001207	0.46165
6	138141541	6:138141541_T/C	0.5163	0.46623
6	138141594	6:138141594_G/A	0.7298	0.00033
6	138141751	6:138141751_C/T	0.1218	0.01014
6	138141812	6:138141812_G/A	0.6149	0.00033
6	138141833	6:138141833_C/T	0.2115	0.01569
6	138141834	6:138141834_G/A	0.7466	0.46536
6	138141917	6:138141917_G/A	0.04486	0.00403
6	138141940	6:138141940_C/T	0.6157	0.10011
6	138141949	6:138141949_G/A	0.5728	0.46547
6	138141991	6:138141991_G/A	0.4273	0.10022
6	138142023	6:138142023_A/G	0.2823	0.00033
6	138142030	6:138142030_T/G	0.1278	0.00065
6	138142069	6:138142069_G/A	0.0708	0.00109
6	138142073	6:138142073_T/G	0.5563	0.00098
6	138142077	6:138142077_G/A	0.2848	0.46187
6	138142082	6:138142082_C/T	0.1257	0.02135
6	138142093	6:138142093_C/T	0.5649	0.10000
6	138142125	6:138142125_G/GC	0.1278	0.32026
6	138142150	6:138142150_C/T	0.2637	0.00370
6	138142183	6:138142183_T/G	0.1278	0.00033
6	138142261	6:138142261_T/C	0.7294	0.45610
6	138142267	6:138142267_C/T	0.1585	0.00980
6	138142272	6:138142272_T/G	0.3683	0.00033
6	138142308	6:138142308_C/T	0.3167	0.00033
6	138142335	6:138142335_T/G	0.659	0.46547
6	138142350	6:138142350_G/A	0.1283	0.00174
6	138142399	6:138142399_C/A	0.407	0.46558
6	138142405	6:138142405_C/T	0.9335	0.00076
6	138142418	6:138142418_T/C	0.8739	0.00054
6	138142488	6:138142488_G/A	0.7294	0.24646
6	138142521	6:138142521_A/G	0.9262	0.00185
6	138142534	6:138142534_T/C	0.651	0.46547
6	138142541	6:138142541_G/A	0.9772	0.00261
6	138142543	6:138142543_C/G	0.1706	0.00065
6	138142555	6:138142555_G/A	0.1547	0.00044
6	138142603	6:138142603_T/C	0.8228	0.00065
6	138142869	6:138142869_C/T	0.2471	0.46558
6	138142955	6:138142955_CATATATGTGA/C	0.1547	0.00196
6	138142957	6:138142957_T/C	0.5513	0.00065
6	138143000	6:138143000_A/G	0.204	0.00054
6	138143144	6:138143144_TACC/T	0.1249	0.00490
6	138143184	6:138143184_T/C	0.9826	0.00076
6	138143274	6:138143274_T/C	0.001249	0.00153
6	138143290	6:138143290_G/A	0.7099	0.01013
6	138143353	6:138143353_C/T	0.4584	0.00054
6	138143413	6:138143413_T/C	0.1592	0.00305
6	138143488	6:138143488_T/G	0.0554	0.14513
6	138143515	6:138143515_G/A	0.4494	0.46558
6	138143539	6:138143539_G/C	0.7627	0.46558
6	138143545	6:138143545_C/T	0.5397	0.00120
6	138143628	6:138143628_T/C	0.2657	0.00305
6	138143693	6:138143693_A/C	0.4996	0.00033
6	138143739	6:138143739_T/C	0.3698	0.10000
6	138143811	6:138143811_G/A	0.5736	0.08399
6	138143834	6:138143834_G/A	0.1257	0.14248
6	138143874	6:138143874_C/T	0.7839	0.00065
6	138144043	6:138144043_ATTC/A	0.4419	0.00643
6	138144051	6:138144051_A/G	0.6348	0.00915
6	138144109	6:138144109_G/A	0.6026	0.00033
6	138144210	6:138144210_G/T	0.463	0.00131
6	138144257	6:138144257_T/C	0.8072	0.36623
6	138144388	6:138144388_T/TC	0.8533	0.00065
6	138144522	6:138144522_C/T	0.232	0.00261
6	138144546	6:138144546_G/T	0.2075	0.13344
6	138144550	6:138144550_A/G	0.204	0.00065
6	138144595	6:138144595_T/A	0.4659	0.00741
6	138144981	6:138144981_G/T	0.8279	0.09194
6	138145040	6:138145040_C/T	0.03499	0.00196
6	138145074	6:138145074_C/T	0.6306	0.00142
6	138145153	6:138145153_T/C	0.8665	0.00033
6	138145189	6:138145189_C/T	0.031	0.00697
6	138145203	6:138145203_T/A	0.3786	0.00033
6	138145489	6:138145489_C/A	0.4006	0.00545
6	138145635	6:138145635_C/T	0.5419	0.02092
6	138145741	6:138145741_A/C	0.8799	0.00665
6	138145778	6:138145778_C/T	0.4946	0.00523
6	138145853	6:138145853_C/A	0.4455	0.09967
6	138145934	6:138145934_C/G	0.466	0.24608
6	138146012	6:138146012_G/C	0.5941	0.00534
6	138146078	6:138146078_C/T	0.5306	0.04510
6	138146535	6:138146535_T/C	0.2063	0.00969
6	138146586	6:138146586_A/G	0.3176	0.00174
6	138146613	6:138146613_C/T	0.6111	0.00076
6	138146623	6:138146623_A/G	0.7687	0.00033
6	138146763	6:138146763_C/A	0.6478	0.04521
6	138146926	6:138146926_G/C	0.3746	0.09978
6	138146936	6:138146936_G/A	0.08976	0.00632
6	138147375	6:138147375_G/A	0.4166	0.00577
6	138147377	6:138147377_G/A	0.427	0.00098
6	138147411	6:138147411_T/C	0.7176	0.10044
6	138147476	6:138147476_A/G	0.6888	0.17756
6	138147523	6:138147523_C/A	0.1452	0.00643
6	138147602	6:138147602_C/CTTAT	0.4889	0.00403
6	138147617	6:138147617_A/T	0.706	0.10044
6	138147621	6:138147621_A/AT	0.4124	0.00643
6	138147621	6:138147621_A/T	0.6032	0.00065
6	138147625	6:138147625_T/A	0.7995	0.00087
6	138147636	6:138147636_C/T	0.8051	0.00044
6	138147691	6:138147691_C/T	0.5592	0.00632
6	138147759	6:138147759_C/T	0.4023	0.00359
6	138147763	6:138147763_C/T	0.6025	0.00142
6	138147845	6:138147845_G/T	0.4119	0.00338
6	138147932	6:138147932_G/T	0.3018	0.00033
6	138147934	6:138147934_C/T	0.8738	0.00392
6	138147942	6:138147942_A/G	0.2831	0.00065
6	138148417	6:138148417_TATC/T	0.5532	0.00098
6	138148428	6:138148428_A/G	0.8254	0.00098
6	138148516	6:138148516_C/A	0.2536	0.00240
6	138148517	6:138148517_G/A	0.3871	0.00033
6	138148536	6:138148536_G/T	0.3698	0.00251
6	138148539	6:138148539_T/C	0.3698	0.00272
6	138148588	6:138148588_A/C	0.2536	0.00153
6	138148852	6:138148852_G/T	0.08952	0.23911
6	138148896	6:138148896_C/G	0.1443	0.00076
6	138148900	6:138148900_C/T	0.007392	0.00338
6	138148923	6:138148923_A/G	0.3993	0.00316
6	138148977	6:138148977_G/A	0.9487	0.00316
6	138149040	6:138149040_C/T	0.3512	0.00033
6	138149160	6:138149160_A/T	0.8762	0.21754
6	138149245	6:138149245_C/A	0.9601	0.00065
6	138149352	6:138149352_G/A	0.1964	0.00055
6	138149401	6:138149401_A/G	0.4154	0.00087
6	138149410	6:138149410_T/TAC	0.6406	0.01961
6	138149422	6:138149422_A/G	0.4444	0.00403
6	138149560	6:138149560_A/T	0.8539	0.01656
6	138149690	6:138149690_T/C	0.4101	0.00959
6	138149850	6:138149850_C/T	0.5543	0.00054
6	138150130	6:138150130_A/G	0.8941	0.09303
6	138150200	6:138150200_A/G	0.1315	0.00370
6	138150348	6:138150348_A/G	0.3446	0.00861
6	138150408	6:138150408_CATG/C	0.4154	0.00033
6	138150483	6:138150483_A/T	0.09682	0.00131
6	138150619	6:138150619_AGAATTG/A	0.7238	0.00054
6	138150665	6:138150665_T/A	0.1457	0.00719
6	138150691	6:138150691_A/T	0.8167	0.00142
6	138150817	6:138150817_T/C	0.3117	0.32059
6	138150851	6:138150851_C/T	0.2853	0.00229
6	138150868	6:138150868_C/G	0.2431	0.11819
6	138150882	6:138150882_G/A	0.1369	0.03017
6	138150926	6:138150926_G/T	0.2681	0.00131
6	138150992	6:138150992_G/A	0.7758	0.00065
6	138151327	6:138151327_T/G	0.8522	0.00033
6	138151351	6:138151351_G/A	0.9117	0.00229
6	138151355	6:138151355_C/T	0.9549	0.19216
6	138151406	6:138151406_G/A	0.1638	0.00044
6	138151739	6:138151739_T/A	0.5619	0.00076
6	138151750	6:138151750_T/C	0.8521	0.00065
6	138151787	6:138151787_T/A	0.2681	0.00054
6	138151793	6:138151793_T/G	0.9852	0.00566
6	138152243	6:138152243_C/T	0.3405	0.00033
6	138152246	6:138152246_C/G	0.6456	0.00065
6	138152386	6:138152386_C/CTTA	0.1979	0.00251
6	138152431	6:138152431_G/T	0.1053	0.00882
6	138152448	6:138152448_C/T	0.563	0.00131
6	138152600	6:138152600_A/G	0.2379	0.00065
6	138152664	6:138152664_A/G	0.7199	0.03442
6	138152741	6:138152741_C/T	0.4223	0.01155
6	138152792	6:138152792_C/T	0.9474	0.00033
6	138152878	6:138152878_T/C	0.368	0.00033
6	138152910	6:138152910_A/C	0.1521	0.00545
6	138153020	6:138153020_T/C	0.3308	0.00076
6	138153051	6:138153051_A/T	0.4112	0.00033
6	138153153	6:138153153_GT/G	0.08472	0.31590
6	138153210	6:138153210_TG/T	0.3041	0.00370
6	138153266	6:138153266_C/T	0.9697	0.01917
6	138153282	6:138153282_G/A	0.3544	0.00370
6	138153305	6:138153305_C/CT	0.4476	0.00131
6	138153491	6:138153491_C/G	0.8227	0.11514
6	138153494	6:138153494_G/T	0.4347	0.00044
6	138153601	6:138153601_A/G	0.9332	0.00065
6	138153636	6:138153636_C/G	0.2565	0.00076
6	138153716	6:138153716_A/G	0.8606	0.00033
6	138153780	6:138153780_G/T	0.41	0.00686
6	138153914	6:138153914_A/G	0.5461	0.00033
6	138153919	6:138153919_AC/A	0.2529	0.00054
6	138153941	6:138153941_G/A	0.2529	0.01264
6	138154008	6:138154008_TA/T	0.7272	0.00098
6	138154053	6:138154053_A/G	0.178	0.00033
6	138154096	6:138154096_G/A	0.4329	0.00763
6	138154106	6:138154106_C/T	0.8499	0.00065
6	138154147	6:138154147_C/T	0.9256	0.00098
6	138154307	6:138154307_A/G	0.6429	0.00196
6	138154407	6:138154407_C/CT	0.2068	0.00065
6	138154495	6:138154495_A/G	0.6546	0.00131
6	138154586	6:138154586_T/A	0.1006	0.12930
6	138154690	6:138154690_G/C	0.1824	0.11939
6	138154771	6:138154771_A/G	0.7885	0.11383
6	138154866	6:138154866_T/C	0.9903	0.00033
6	138155157	6:138155157_C/T	0.3275	0.01187
6	138155201	6:138155201_G/A	0.7446	0.07320
6	138155414	6:138155414_G/A	0.5517	0.01645
6	138155419	6:138155419_C/A	0.6079	0.00163
6	138155473	6:138155473_G/C	0.1749	0.00109
6	138155528	6:138155528_C/G	0.9599	0.00065
6	138155535	6:138155535_G/T	0.2376	0.00436
6	138155742	6:138155742_T/G	0.9325	0.00033
6	138155891	6:138155891_G/C	0.8087	0.00054
6	138155893	6:138155893_A/G	0.8874	0.00131
6	138156007	6:138156007_C/T	0.2827	0.00054
6	138156167	6:138156167_C/A	0.295	0.00076
6	138156228	6:138156228_A/G	0.183	0.00033
6	138156234	6:138156234_A/G	0.3657	0.11383
6	138156416	6:138156416_G/C	0.3983	0.00044
6	138156434	6:138156434_C/T	0.6765	0.02669
6	138156467	6:138156467_G/T	0.1228	0.00033
6	138156493	6:138156493_C/T	0.5726	0.00131
6	138156504	6:138156504_T/G	0.3134	0.00294
6	138156577	6:138156577_C/T	0.4692	0.00033
6	138156767	6:138156767_G/GA	0.2055	0.00131
6	138156809	6:138156809_G/A	0.7764	0.00882
6	138156817	6:138156817_A/G	0.05418	0.00752
6	138156899	6:138156899_G/A	0.86	0.00403
6	138156959	6:138156959_A/G	0.09909	0.00076
6	138157051	6:138157051_T/C	0.9151	0.00076
6	138157070	6:138157070_A/G	0.1528	0.00120
6	138157079	6:138157079_G/A	0.1088	0.10044
6	138157390	6:138157390_A/G	0.1622	0.12941
6	138157620	6:138157620_A/T	0.5199	0.00207
6	138157621	6:138157621_T/A	0.1547	0.00054
6	138157630	6:138157630_T/A	0.8253	0.02212
6	138157719	6:138157719_C/T	0.563	0.00272
6	138157720	6:138157720_G/A	0.2031	0.00054
6	138157831	6:138157831_T/C	0.4112	0.00076
6	138157886	6:138157886_G/A	0.2662	0.00131
6	138157914	6:138157914_A/G	0.7611	0.00218
6	138157971	6:138157971_G/A	0.122	0.00501
6	138157986	6:138157986_C/T	0.7001	0.00283
6	138158033	6:138158033_GATA/G	0.8738	0.00392
6	138158055	6:138158055_A/G	0.2938	0.00087
6	138158113	6:138158113_A/C	0.4188	0.00708
6	138158146	6:138158146_A/G	0.836	0.00131
6	138158386	6:138158386_G/A	0.232	0.00033
6	138158396	6:138158396_G/A	0.6239	0.00882
6	138158432	6:138158432_T/C	0.573	0.00076
6	138158633	6:138158633_A/G	0.09616	0.01198
6	138158809	6:138158809_C/T	0.9516	0.00065
6	138158926	6:138158926_A/G	0.4167	0.00044
6	138158931	6:138158931_C/T	0.09808	0.12941
6	138159025	6:138159025_T/C	0.4154	0.00033
6	138159082	6:138159082_G/T	0.4582	0.00458
6	138159116	6:138159116_C/T	0.4122	0.00512
6	138159150	6:138159150_G/T	0.5604	0.12462
6	138159244	6:138159244_T/C	0.6305	0.00283
6	138159435	6:138159435_G/A	0.5179	0.32037
6	138159481	6:138159481_C/G	0.8967	0.00065
6	138159536	6:138159536_A/G	0.8661	0.00044
6	138159604	6:138159604_A/G	0.2681	0.01961
6	138159605	6:138159605_T/C	0.6441	0.00033
6	138159857	6:138159857_A/G	0.6671	0.00436
6	138159991	6:138159991_C/T	0.3039	0.00054
6	138160006	6:138160006_C/CT	0.8334	0.00076
6	138160263	6:138160263_T/G	0.1749	0.00044
6	138160273	6:138160273_C/T	0.1011	0.00033
6	138160402	6:138160402_C/T	0.06817	0.00218
6	138160464	6:138160464_C/T	0.2048	0.00871
6	138160475	6:138160475_C/T	0.7136	0.11449
6	138160535	6:138160535_G/A	0.1918	0.32026
6	138160551	6:138160551_A/G	0.9361	0.11449
6	138160564	6:138160564_C/G	0.3033	0.00044
6	138160654	6:138160654_GTTA/G	0.9061	0.00076
6	138160732	6:138160732_A/G	0.4194	0.09346
6	138160742	6:138160742_G/A	0.9689	0.00196
6	138160994	6:138160994_C/T	0.7326	0.00033
6	138161034	6:138161034_GA/G	0.2376	0.00065
6	138161061	6:138161061_C/T	0.3192	0.00054
6	138161078	6:138161078_G/A	0.01	0.02310
6	138161154	6:138161154_A/G	0.7502	0.03269
6	138161180	6:138161180_A/G	0.8654	0.02321
6	138161194	6:138161194_C/T	0.9678	0.11612
6	138161195	6:138161195_G/A	0.3717	0.00033
6	138161211	6:138161211_G/A	0.368	0.12527
6	138161444	6:138161444_C/T	0.4312	0.00076
6	138161521	6:138161521_C/T	0.4154	0.00153
6	138161533	6:138161533_C/T	0.09616	0.00033
6	138161644	6:138161644_C/A	0.4007	0.01678
6	138161656	6:138161656_G/A	0.9408	0.00033
6	138161687	6:138161687_G/C	0.1824	0.00033
6	138161804	6:138161804_CTG/C	0.07698	0.00033
6	138161991	6:138161991_G/A	0.5999	0.00720
6	138162016	6:138162016_G/A	0.749	0.00785
6	138162044	6:138162044_GACAA/G	0.3405	0.00512
6	138162061	6:138162061_C/T	0.4249	0.00033
6	138162077	6:138162077_A/C	0.7646	0.00882
6	138162255	6:138162255_C/T	0.337	0.00065
6	138162268	6:138162268_C/T	0.3958	0.00240
6	138162390	6:138162390_T/C	0.9524	0.00076
6	138162452	6:138162452_T/C	0.3713	0.12908
6	138162679	6:138162679_C/T	0.3399	0.12908
6	138162839	6:138162839_A/G	0.4182	0.00153
6	138162841	6:138162841_A/T	0.9704	0.00501
6	138162883	6:138162883_G/A	0.8135	0.00044
6	138162989	6:138162989_G/C	0.2938	0.00033
6	138163002	6:138163002_T/C	0.5147	0.00142
6	138163143	6:138163143_CTG/C	0.134	0.12952
6	138163167	6:138163167_G/A	0.2281	0.00937
6	138163317	6:138163317_G/A	0.5965	0.00283
6	138163341	6:138163341_C/T	0.4439	0.12887
6	138163424	6:138163424_G/A	0.1269	0.00044
6	138163486	6:138163486_G/C	0.2472	0.11852
6	138163788	6:138163788_A/G	0.7263	0.00076
6	138163906	6:138163906_C/T	0.3355	0.11835
6	138163924	6:138163924_T/C	0.4196	0.11966
6	138164087	6:138164087_A/T	0.5184	0.01939
6	138164109	6:138164109_C/CT	0.4837	0.00065
6	138164114	6:138164114_T/A	0.8698	0.00076
6	138164117	6:138164117_TTTC/T	0.5662	0.00272
6	138164403	6:138164403_A/G	0.794	0.00044
6	138164472	6:138164472_C/T	0.843	0.00261
6	138164480	6:138164480_C/T	0.9308	0.00109
6	138164481	6:138164481_G/A	0.2368	0.11969
6	138164532	6:138164532_C/T	0.1517	0.00065
6	138164546	6:138164546_C/T	0.09196	0.00033
6	138164606	6:138164606_C/T	0.4476	0.09314
6	138164618	6:138164618_G/A	0.375	0.00033
6	138164712	6:138164712_C/T	0.5325	0.00261
6	138164713	6:138164713_G/A	0.5602	0.00163
6	138164724	6:138164724_C/T	0.4148	0.12865
6	138164755	6:138164755_G/C	0.9511	0.00065
6	138164760	6:138164760_C/T	0.7298	0.11841
6	138164869	6:138164869_AT/A	0.3028	0.11972
6	138164875	6:138164875_T/A	0.2299	0.01013
6	138164886	6:138164886_T/A	0.7463	0.00044
6	138164899	6:138164899_C/T	0.5479	0.00076
6	138164923	6:138164923_G/A	0.7337	0.07767
6	138165334	6:138165334_G/A	0.2995	0.00196
6	138165336	6:138165336_A/G	0.9551	0.00033
6	138165454	6:138165454_ACT/A	0.4154	0.00436
6	138165460	6:138165460_A/G	0.348	0.01100
6	138165557	6:138165557_G/A	0.02575	0.01013
6	138165615	6:138165615_G/A	0.5147	0.00174
6	138165728	6:138165728_A/T	0.5612	0.11972
6	138165733	6:138165733_GTT/G	0.3217	0.00065
6	138165763	6:138165763_G/A	0.5336	0.00033
6	138165812	6:138165812_G/GC	0.2662	0.11830
6	138165832	6:138165832_G/T	0.8538	0.00098
6	138165899	6:138165899_G/A	0.1358	0.00044
6	138165908	6:138165908_T/C	0.9171	0.00065
6	138166001	6:138166001_A/G	0.337	0.00033
6	138166004	6:138166004_A/AT	0.2891	0.00065
6	138166026	6:138166026_T/C	0.1626	0.00033
6	138166114	6:138166114_C/T	0.669	0.00327
6	138166165	6:138166165_G/A	0.7196	0.00327
6	138166286	6:138166286_C/T	0.8538	0.00861
6	138166396	6:138166396_A/C	0.06848	0.00305
6	138166401	6:138166401_A/G	0.6945	0.00185
6	138166408	6:138166408_G/A	0.9625	0.00142
6	138166550	6:138166550_C/T	0.1091	0.00054
6	138166558	6:138166558_C/CA	0.3857	0.00327
6	138166708	6:138166708_C/T	0.4115	0.00033
6	138166748	6:138166748_C/T	0.4187	0.00065
6	138166795	6:138166795_G/C	0.06835	0.00054
6	138166901	6:138166901_C/G	0.7162	0.00033
6	138166909	6:138166909_TC/T	0.022	0.00512
6	138167035	6:138167035_C/T	0.007413	0.00185
6	138167093	6:138167093_T/G	0.9216	0.00076
6	138167158	6:138167158_A/G	0.9236	0.00294
6	138167170	6:138167170_T/TA	0.3435	0.01285
6	138167195	6:138167195_A/AT	0.5821	0.00033
6	138167306	6:138167306_A/G	0.2446	0.00033
6	138167384	6:138167384_A/T	0.5336	0.11538
6	138167414	6:138167414_G/T	0.1492	0.00033
6	138167635	6:138167635_G/T	0.004037	0.00033
6	138167643	6:138167643_C/G	0.7162	0.00164
6	138167674	6:138167674_T/G	0.4514	0.00349
6	138167683	6:138167683_G/A	0.01826	0.00065
6	138167742	6:138167742_A/G	0.05098	0.14186
6	138167751	6:138167751_C/T	0.4184	0.00697
6	138167787	6:138167787_C/T	0.2031	0.00033
6	138167850	6:138167850_G/GT	0.2094	0.12832
6	138167856	6:138167856_G/A	0.8275	0.00174
6	138167876	6:138167876_G/A	0.7252	0.00131
6	138167920	6:138167920_C/A	0.4154	0.00076
6	138167921	6:138167921_T/A	0.9438	0.00283
6	138167937	6:138167937_T/C	0.007413	0.00087
6	138167955	6:138167955_C/T	0.8271	0.01013
6	138167973	6:138167973_G/T	0.08657	0.07908
6	138167996	6:138167996_T/A	0.337	0.00294
6	138168006	6:138168006_A/G	0.8661	0.12898
6	138168191	6:138168191_G/A	0.3962	0.00261
6	138168194	6:138168194_A/T	0.03921	0.00207
6	138168346	6:138168346_C/T	0.5179	0.31601
6	138168454	6:138168454_G/T	0.9466	0.00861
6	138168520	6:138168520_A/G	0.4154	0.00044
6	138168548	6:138168548_A/T	0.5117	0.00033
6	138168567	6:138168567_G/A	0.08657	0.11841
6	138168762	6:138168762_T/C	0.7571	0.44869
6	138168940	6:138168940_C/T	0.5179	0.11765
6	138168941	6:138168941_G/A	0.004007	0.00033
6	138168952	6:138168952_T/C	0.5353	0.00033
6	138168957	6:138168957_T/A	0.8515	0.01590
6	138169145	6:138169145_C/T	0.6528	0.00425
6	138169210	6:138169210_G/T	0.2964	0.00109
6	138169213	6:138169213_C/G	0.1792	0.00076
6	138169251	6:138169251_T/G	0.6662	0.01275
6	138169288	6:138169288_A/G	0.2518	0.00327
6	138169452	6:138169452_TAC/T	0.337	0.00861
6	138169465	6:138169465_T/C	0.6388	0.00054
6	138169709	6:138169709_G/C	0.8127	0.00534
6	138169763	6:138169763_G/A	0.8629	0.00033
6	138169814	6:138169814_T/C	0.07818	0.11013
6	138169818	6:138169818_T/C	0.5879	0.00534
6	138169835	6:138169835_T/C	0.5336	0.12898
6	138169933	6:138169933_G/A	0.7853	0.00044
6	138170007	6:138170007_A/T	0.1824	0.00065
6	138170085	6:138170085_T/C	0.3405	0.00033
6	138170097	6:138170097_CT/C	0.3584	0.00065
6	138170118	6:138170118_C/CT	0.466	0.00033
6	138170170	6:138170170_G/C	0.8522	0.00033
6	138170181	6:138170181_G/A	0.042	0.12832
6	138170272	6:138170272_T/C	0.6742	0.05174
6	138170302	6:138170302_A/G	0.5827	0.00327
6	138170445	6:138170445_C/T	0.1979	0.00044
6	138170458	6:138170458_C/T	0.01208	0.00044
6	138170459	6:138170459_G/A	0.9757	0.00098
6	138170460	6:138170460_C/A	0.1731	0.00861
6	138170505	6:138170505_G/A	0.08657	0.00131
6	138170633	6:138170633_A/C	0.4154	0.00044
6	138170784	6:138170784_G/T	0.2995	0.00076
6	138170786	6:138170786_G/A	0.0002055	0.00033
6	138170855	6:138170855_T/C	0.3642	0.00065
6	138170862	6:138170862_G/A	0.6452	0.31492
6	138170936	6:138170936_AT/A	0.8295	0.00512
6	138170964	6:138170964_G/C	0.0401	0.00044
6	138171022	6:138171022_T/C	0.2446	0.00033
6	138171227	6:138171227_A/G	0.6429	0.00087
6	138171279	6:138171279_C/T	0.5726	0.00065
6	138171353	6:138171353_T/G	0.8491	0.00076
6	138171363	6:138171363_G/C	0.7756	0.00033
6	138171375	6:138171375_G/A	0.7799	0.31993
6	138171472	6:138171472_T/G	0.1824	0.00033
6	138171548	6:138171548_T/C	0.2112	0.31340
6	138171563	6:138171563_G/A	0.1824	0.00033
6	138171595	6:138171595_G/A	0.3338	0.00229
6	138171663	6:138171663_C/T	0.1136	0.12898
6	138171790	6:138171790_G/T	0.1374	0.00065
6	138172021	6:138172021_A/G	0.2429	0.00033
6	138172040	6:138172040_T/G	0.7721	0.00196
6	138172057	6:138172057_T/C	0.7721	0.00272
6	138172152	6:138172152_G/T	0.2794	0.00327
6	138172169	6:138172169_A/G	0.01224	0.00327
6	138172218	6:138172218_C/T	0.72	0.00044
6	138172258	6:138172258_C/T	0.5147	0.00261
6	138172268	6:138172268_A/G	0.295	0.00065
6	138172283	6:138172283_A/G	0.677	0.00054
6	138172301	6:138172301_G/C	0.1831	0.00316
6	138172302	6:138172302_G/A	0.4154	0.00501
6	138172390	6:138172390_G/A	0.4118	0.00044
6	138172418	6:138172418_C/G	0.1257	0.00861
6	138172450	6:138172450_T/A	0.8874	0.00044
6	138172471	6:138172471_A/G	0.1228	0.00773
6	138172480	6:138172480_G/A	0.399	0.00065
6	138172525	6:138172525_C/T	0.1315	0.31830
6	138172642	6:138172642_T/G	0.7913	0.00392
6	138172644	6:138172644_G/A	0.04325	0.00534
6	138172804	6:138172804_G/A	0.001512	0.00033
6	138172876	6:138172876_A/G	0.8033	0.00523
6	138172926	6:138172926_G/A	0.7418	0.00425
6	138172975	6:138172975_C/T	0.4735	0.00327
6	138173029	6:138173029_CA/C	0.4504	0.31819
6	138173132	6:138173132_T/C	0.5011	0.00098
6	138173158	6:138173158_A/T	0.017	0.00065
6	138173194	6:138173194_G/A	0.3255	0.00436
6	138173399	6:138173399_G/A	0.2529	0.01024
6	138173399	6:138173399_G/T	0.7487	0.00033
6	138173491	6:138173491_C/T	0.4571	0.00065
6	138173594	6:138173594_A/G	0.2216	0.08063
6	138173951	6:138173951_C/T	0.8398	0.00033
6	138173975	6:138173975_C/T	0.8844	0.00523
6	138174001	6:138174001_G/C	0.486	0.00196
6	138174041	6:138174041_G/A	0.1457	0.00240
6	138174074	6:138174074_G/A	0.1591	0.00065
6	138174096	6:138174096_A/C	0.2875	0.00065
6	138174358	6:138174358_G/A	0.1329	0.00109
6	138174429	6:138174429_T/G	0.1081	0.01939
6	138174493	6:138174493_A/G	0.5147	0.00174
6	138174664	6:138174664_T/C	0.7667	0.00087
6	138174701	6:138174701_G/C	0.7513	0.00414
6	138174854	6:138174854_A/C	0.7161	0.00065
6	138174966	6:138174966_C/T	0.4335	0.00033
6	138174982	6:138174982_C/T	0.1194	0.00033
6	138174993	6:138174993_C/T	0.07676	0.00131
6	138175014	6:138175014_T/A	0.486	0.00556
6	138175023	6:138175023_C/T	0.231	0.00327
6	138175218	6:138175218_T/C	0.6014	0.00054
6	138175360	6:138175360_A/G	0.3324	0.00316
6	138175368	6:138175368_T/C	0.7729	0.00065
6	138175581	6:138175581_G/T	0.309	0.00828
6	138175611	6:138175611_A/G	0.08516	0.00708
6	138175677	6:138175677_G/T	0.691	0.00120
6	138175738	6:138175738_T/C	0.2014	0.00065
6	138175755	6:138175755_A/G	0.0865	0.00033
6	138175763	6:138175763_G/C	0.1122	0.00447
6	138175904	6:138175904_A/T	0.04013	0.00425
6	138175931	6:138175931_CTT/C	0.9347	0.01264
6	138175992	6:138175992_T/A	0.4154	0.00131
6	138176110	6:138176110_G/A	0.22	0.00033
6	138176242	6:138176242_T/C	0.2446	0.11950
6	138176252	6:138176252_C/G	0.9315	0.00098
6	138176302	6:138176302_T/G	0.2811	0.00065
6	138176307	6:138176307_CATTTT/C	0.07013	0.00251
6	138176320	6:138176320_C/T	0.9641	0.11547
6	138176367	6:138176367_C/T	0.8451	0.00142
6	138176383	6:138176383_G/A	0.5902	0.00861
6	138176398	6:138176398_A/G	0.9892	0.00664
6	138176454	6:138176454_T/G	0.8869	0.00033
6	138176500	6:138176500_C/A	0.0978	0.11961
6	138176507	6:138176507_G/C	0.981	0.00283
6	138176538	6:138176538_C/T	0.1337	0.12876
6	138176677	6:138176677_C/G	0.5808	0.00087
6	138176696	6:138176696_G/GT	0.9609	0.00033
6	138176782	6:138176782_G/A	0.5871	0.00076
6	138176871	6:138176871_G/T	0.8497	0.00327
6	138176881	6:138176881_G/A	0.9192	0.00033
6	138176956	6:138176956_G/T	0.5164	0.00044
6	138177037	6:138177037_A/T	0.4753	0.14466
6	138177171	6:138177171_C/T	0.7012	0.28028
6	138177239	6:138177239_C/T	0.5336	0.00033
6	138177330	6:138177330_G/C	0.7985	0.00349
6	138177449	6:138177449_C/T	0.14	0.00087
6	138177462	6:138177462_A/T	0.08657	0.02102
6	138177495	6:138177495_A/T	0.2063	0.00174
6	138177524	6:138177524_G/C	0.7728	0.14466
6	138177648	6:138177648_C/G	0.1731	0.01776
6	138177676	6:138177676_T/C	0.09616	0.01275
6	138177772	6:138177772_T/C	0.08657	0.00054
6	138177833	6:138177833_A/G	0.1626	0.00033
6	138177851	6:138177851_C/G	0.5874	0.00098
6	138177910	6:138177910_T/C	0.337	0.11950
6	138178021	6:138178021_A/G	0.1457	0.00033
6	138178197	6:138178197_G/A	0.9044	0.00098
6	138178199	6:138178199_G/A	0.309	0.44880
6	138178222	6:138178222_A/G	0.152	0.00044
6	138178289	6:138178289_G/A	0.8476	0.00523
6	138178309	6:138178309_G/A	0.309	0.09346
6	138178423	6:138178423_A/G	0.915	0.00142
6	138178552	6:138178552_G/A	0.6399	0.00033
6	138178705	6:138178705_ATTG/A	0.1306	0.00632
6	138178783	6:138178783_A/G	0.3546	0.00033
6	138178790	6:138178790_G/A	0.8522	0.01590
6	138179010	6:138179010_C/T	0.5718	0.00044
6	138179056	6:138179056_G/T	0.272	0.00697
6	138179070	6:138179070_C/T	0.2446	0.00251
6	138179124	6:138179124_A/G	0.5159	0.00349
6	138179141	6:138179141_G/T	0.5178	0.00153
6	138179290	6:138179290_G/A	0.08657	0.00033
6	138179454	6:138179454_T/G	0.6539	0.00033
6	138179525	6:138179525_A/G	0.1964	0.00316
6	138179672	6:138179672_T/TA	0.5147	0.00120
6	138179704	6:138179704_A/G	0.1322	0.00044
6	138179745	6:138179745_G/A	0.8471	0.31362
6	138179839	6:138179839_A/G	0.5336	0.00784
6	138179857	6:138179857_C/T	0.2194	0.00033
6	138179865	6:138179865_A/G	0.9641	0.00065
6	138179986	6:138179986_A/T	0.3872	0.00033
6	138180058	6:138180058_A/G	0.3108	0.00305
6	138180251	6:138180251_AACAG/A	0.1081	0.00044
6	138180275	6:138180275_C/T	0.9522	0.00251
6	138180315	6:138180315_C/A	0.004007	0.00882
6	138180349	6:138180349_T/C	0.1081	0.00283
6	138180646	6:138180646_G/A	0.4744	0.00054
6	138180672	6:138180672_G/A	0.7162	0.28017
6	138180909	6:138180909_T/C	0.4154	0.09771
6	138181025	6:138181025_A/G	0.3686	0.00065
6	138181060	6:138181060_C/G	0.9772	0.00240
6	138181070	6:138181070_A/G	0.4787	0.01297
6	138181118	6:138181118_CA/C	0.2359	0.00076
6	138181123	6:138181123_C/G	0.1227	0.00436
6	138181392	6:138181392_A/AT	0.5842	0.00915
6	138181442	6:138181442_C/T	0.6063	0.00817
6	138181475	6:138181475_G/T	0.08472	0.00033
6	138181478	6:138181478_T/C	0.2681	0.00033
6	138181509	6:138181509_G/A	0.9131	0.00044
6	138181621	6:138181621_A/G	0.5049	0.00163
6	138181873	6:138181873_G/T	0.7412	0.00131
6	138182020	6:138182020_C/T	0.5336	0.00033
6	138182068	6:138182068_C/T	0.4154	0.00370
6	138182071	6:138182071_C/T	0.1259	0.00033
6	138182084	6:138182084_A/T	0.1031	0.00065
6	138182100	6:138182100_A/G	0.1829	0.00044
6	138182135	6:138182135_T/C	0.5543	0.00033
6	138182138	6:138182138_CTTTTTTTTTTTT/C	0.8793	0.00033
6	138182300	6:138182300_C/T	0.4527	0.00054
6	138182377	6:138182377_T/A	0.2908	0.00163
6	138182378	6:138182378_G/T	0.2908	0.00196
6	138182439	6:138182439_CTGTT/C	0.3962	0.00196
6	138182440	6:138182440_T/C	0.004007	0.00120
6	138182478	6:138182478_C/T	0.4087	0.00033
6	138182491	6:138182491_A/G	0.1298	0.00076
6	138182630	6:138182630_G/A	0.5179	0.00033
6	138182727	6:138182727_C/T	0.7263	0.00752
6	138182746	6:138182746_T/C	0.1259	0.00044
6	138182764	6:138182764_T/A	0.5358	0.00044
6	138182821	6:138182821_A/G	0.8784	0.00044
6	138182830	6:138182830_A/G	0.3338	0.00153
6	138182864	6:138182864_C/G	0.7667	0.01068
6	138182987	6:138182987_C/T	0.5336	0.10261
6	138183073	6:138183073_C/G	0.4762	0.00033
6	138183090	6:138183090_C/T	0.2446	0.00381
6	138183094	6:138183094_C/T	0.2997	0.33355
6	138183115	6:138183115_G/A	0.6477	0.00044
6	138183122	6:138183122_A/G	0.478	0.00109
6	138183302	6:138183302_C/A	0.08657	0.00556
6	138183303	6:138183303_G/A	0.4603	0.00283
6	138183329	6:138183329_C/T	0.02919	0.00044
6	138183364	6:138183364_C/T	0.4261	0.00850
6	138183492	6:138183492_ACCT/A	0.3458	0.01776
6	138183558	6:138183558_T/A	0.495	0.10458
6	138183825	6:138183825_C/CT	0.4874	0.00033
6	138183825	6:138183825_CTTTTTT/C	0.01224	0.00218
6	138183834	6:138183834_T/A	0.9092	0.31416
6	138183835	6:138183835_A/T	0.1406	0.09325
6	138183836	6:138183836_AT/A	0.5358	0.03268
6	138184072	6:138184072_A/G	0.9187	0.00980
6	138184212	6:138184212_G/C	0.278	0.00174
6	138184268	6:138184268_G/A	0.3544	0.00599
6	138184382	6:138184382_G/A	0.7728	0.00327
6	138184404	6:138184404_T/C	0.6406	0.00054
6	138184551	6:138184551_G/GTT	0.2794	0.44739
6	138184551	6:138184551_GT/G	0.454	0.44728
6	138184563	6:138184563_T/C	0.8964	0.00065
6	138184647	6:138184647_C/G	0.8488	0.00512
6	138184694	6:138184694_G/A	0.5285	0.31423
6	138184887	6:138184887_A/G	0.7304	0.00218
6	138184937	6:138184937_C/T	0.9315	0.00251
6	138184943	6:138184943_A/G	0.573	0.00044
6	138185162	6:138185162_G/A	0.5147	0.33312
6	138185237	6:138185237_G/A	0.7077	0.14183
6	138185359	6:138185359_C/G	0.1459	0.00218
6	138185375	6:138185375_T/G	0.7915	0.44684
6	138185436	6:138185436_C/T	0.5677	0.00185
6	138185447	6:138185447_A/G	0.1964	0.00033
6	138185458	6:138185458_TA/T	0.6399	0.00196
6	138185469	6:138185469_A/T	0.6399	0.00065
6	138185479	6:138185479_G/T	0.1557	0.00087
6	138185543	6:138185543_A/G	0.3009	0.00436
6	138185655	6:138185655_C/T	0.1671	0.01035
6	138185676	6:138185676_A/T	0.9576	0.00033
6	138185782	6:138185782_A/G	0.5642	0.01089
6	138185790	6:138185790_A/G	0.09022	0.33312
6	138185797	6:138185797_G/A	0.399	0.44052
6	138185996	6:138185996_T/G	0.4626	0.00599
6	138186119	6:138186119_G/C	0.3869	0.00283
6	138186141	6:138186141_A/G	0.7186	0.44303
6	138186142	6:138186142_A/T	0.6927	0.00044
6	138186151	6:138186151_T/G	0.05277	0.00403
6	138186370	6:138186370_C/T	0.4544	0.00033
6	138186489	6:138186489_G/A	0.01946	0.10174
6	138186562	6:138186562_G/A	0.5359	0.00196
6	138186605	6:138186605_C/T	0.6366	0.00098
6	138186681	6:138186681_A/G	0.6815	0.00120
6	138186871	6:138186871_C/T	0.4154	0.00730
6	138186974	6:138186974_G/A	0.6818	0.00588
6	138187033	6:138187033_C/T	0.6633	0.00174
6	138187043	6:138187043_T/C	0.5336	0.00054
6	138187072	6:138187072_C/G	0.9987	0.00054
6	138187400	6:138187400_G/A	0.7318	0.10675
6	138187490	6:138187490_A/G	0.1356	0.00425
6	138187515	6:138187515_T/C	0.8223	0.00153
6	138187519	6:138187519_G/A	0.9216	0.00414
6	138187575	6:138187575_A/G	0.3002	0.00370
6	138187660	6:138187660_A/C	0.5817	0.00054
6	138187753	6:138187753_G/GT	0.9148	0.21492
6	138187755	6:138187755_T/TA	0.5672	0.00033
6	138187794	6:138187794_T/TC	0.4154	0.00131
6	138187930	6:138187930_C/G	0.6085	0.10174
6	138187959	6:138187959_C/T	0.2786	0.00240
6	138188126	6:138188126_A/C	0.9228	0.00153
6	138188190	6:138188190_G/A	0.7055	0.01089
6	138188207	6:138188207_A/T	0.7569	0.00076
6	138188207	6:138188207_AT/A	0.01364	0.00436
6	138188228	6:138188228_T/A	0.3219	0.00087
6	138188231	6:138188231_T/G	0.07672	0.00087
6	138188286	6:138188286_T/TA	0.0157	0.00370
6	138188370	6:138188370_GTT/G	0.1507	0.00370
6	138188413	6:138188413_C/T	0.4455	0.00599
6	138188418	6:138188418_C/T	0.02459	0.00436
6	138188730	6:138188730_C/T	0.5122	0.00033
6	138188836	6:138188836_T/G	0.1826	0.33725
6	138188845	6:138188845_A/G	0.5341	0.10743
6	138188878	6:138188878_T/C	0.8206	0.00185
6	138188932	6:138188932_A/G	0.4765	0.10174
6	138189015	6:138189015_T/C	0.8064	0.00229
6	138189278	6:138189278_G/A	0.5141	0.01983
6	138189395	6:138189395_C/T	0.4826	0.10675
6	138189432	6:138189432_C/T	0.1836	0.00316
6	138189447	6:138189447_C/T	0.004456	0.00044
6	138189484	6:138189484_C/G	0.9977	0.00033
6	138189604	6:138189604_T/C	0.3662	0.31754
6	138189605	6:138189605_G/A	0.5552	0.44390
6	138189649	6:138189649_G/A	0.3406	0.33725
6	138189678	6:138189678_G/T	0.3325	0.03290
6	138189718	6:138189718_C/G	0.9335	0.00044
6	138189771	6:138189771_G/T	0.9684	0.00044
6	138189784	6:138189784_G/A	0.232	0.01253
6	138189981	6:138189981_C/G	0.93	0.00229
6	138189992	6:138189992_A/G	0.232	0.00076
6	138190022	6:138190022_A/G	0.6611	0.00142
6	138190044	6:138190044_T/C	0.6922	0.00065
6	138190157	6:138190157_A/AC	0.2368	0.00033
6	138190251	6:138190251_GGTGGTTGTTGTTGTTGTTGTTGTT/G	0.4154	0.00349
6	138190254	6:138190254_G/T	0.1969	0.00349
6	138190256	6:138190256_T/G	0.7653	0.10669
6	138190257	6:138190257_T/G	0.8753	0.33232
6	138190282	6:138190282_G/C	0.1626	0.00065
6	138190327	6:138190327_T/C	0.8213	0.02691
6	138190341	6:138190341_A/ATG	0.4455	0.00044
6	138190377	6:138190377_G/A	0.2442	0.00752
6	138190458	6:138190458_T/A	0.7345	0.10098
6	138190512	6:138190512_T/G	0.5639	0.33704
6	138190537	6:138190537_A/G	0.5221	0.10678
6	138190582	6:138190582_A/G	0.512	0.00033
6	138190622	6:138190622_G/A	0.08657	0.00033
6	138190665	6:138190665_T/A	0.9514	0.01656
6	138190709	6:138190709_C/G	0.5643	0.00065
6	138190817	6:138190817_T/C	0.1824	0.00501
6	138190919	6:138190919_T/C	0.4645	0.00044
6	138190951	6:138190951_G/C	0.1176	0.00044
6	138191039	6:138191039_G/A	0.376	0.44760
6	138191109	6:138191109_AT/A	0.4999	0.00588
6	138191222	6:138191222_A/G	0.5022	0.00033
6	138191237	6:138191237_G/A	0.738	0.10044
6	138191257	6:138191257_A/G	0.3914	0.00545
6	138191386	6:138191386_G/A	0.5387	0.00065
6	138191524	6:138191524_A/G	0.5343	0.00272
6	138191576	6:138191576_G/A	0.1858	0.00163
6	138191621	6:138191621_A/G	0.2907	0.31743
6	138191629	6:138191629_G/C	0.9379	0.00054
6	138191635	6:138191635_G/C	0.8213	0.10686
6	138191656	6:138191656_G/A	0.2564	0.00033
6	138191763	6:138191763_C/G	0.5336	0.31754
6	138191933	6:138191933_T/C	0.232	0.00261
6	138191979	6:138191979_C/T	0.0874	0.00087
6	138191995	6:138191995_G/A	0.5336	0.00033
6	138192016	6:138192016_C/T	0.7347	0.00403
6	138192019	6:138192019_T/C	0.7288	0.00065
6	138192087	6:138192087_A/G	0.087	0.00033
6	138192196	6:138192196_C/T	0.4936	0.00044
6	138192214	6:138192214_C/T	0.5336	0.00588
6	138192273	6:138192273_C/T	0.9625	0.00033
6	138192293	6:138192293_C/T	0.3586	0.00588
6	138192305	6:138192305_T/C	0.0145	0.00065
6	138192334	6:138192334_CTG/C	0.8213	0.00501
6	138192512	6:138192512_C/A	0.2815	0.00033
6	138192625	6:138192625_G/A	0.5336	0.02821
6	138192660	6:138192660_CAG/C	0.5888	0.00719
6	138192691	6:138192691_A/T	0.1898	0.00163
6	138192692	6:138192692_T/A	0.1603	0.00458
6	138192747	6:138192747_A/G	0.4784	0.00501
6	138192926	6:138192926_C/T	0.14	0.00044
6	138193083	6:138193083_A/G	0.5336	0.00937
6	138193116	6:138193116_T/C	0.4673	0.00577
6	138193194	6:138193194_G/A	0.2733	0.00044
6	138193206	6:138193206_A/G	0.285	0.00033
6	138193248	6:138193248_G/A	0.5336	0.00131
6	138193337	6:138193337_C/G	0.7646	0.00033
6	138193444	6:138193444_G/A	0.4914	0.06111
6	138193466	6:138193466_G/A	0.1429	0.06111
6	138193690	6:138193690_A/G	0.1163	0.00381
6	138193726	6:138193726_C/A	0.1824	0.00501
6	138193736	6:138193736_C/T	0.5843	0.01460
6	138193754	6:138193754_C/T	0.232	0.00436
6	138193819	6:138193819_G/A	0.106	0.00054
6	138193848	6:138193848_C/T	0.2034	0.00033
6	138193931	6:138193931_T/A	0.927	0.00065
6	138193971	6:138193971_A/G	0.5336	0.00033
6	138193993	6:138193993_C/T	0.5403	0.00044
6	138194003	6:138194003_G/A	0.5692	0.00054
6	138194446	6:138194446_CAAAAAA/C	0.14	0.10610
6	138194716	6:138194716_C/T	0.06904	0.00501
6	138194751	6:138194751_A/G	0.06077	0.00196
6	138194756	6:138194756_C/T	0.8103	0.00087
6	138194806	6:138194806_T/A	0.2146	0.02015
6	138194882	6:138194882_G/T	0.5336	0.00294
6	138194991	6:138194991_A/T	0.368	0.00185
6	138195001	6:138195001_G/A	0.5659	0.00577
6	138195017	6:138195017_G/C	0.5683	0.00207
6	138195139	6:138195139_T/A	0.5336	0.00033
6	138195152	6:138195152_T/TTTTG	0.9826	0.14488
6	138195156	6:138195156_G/T	0.3946	0.08050
6	138195280	6:138195280_C/T	0.4546	0.00316
6	138195297	6:138195297_G/A	0.006806	0.00033
6	138195355	6:138195355_C/T	0.9242	0.00076
6	138195506	6:138195506_C/A	0.3944	0.00087
6	138195506	6:138195506_C/G	0.2578	0.00044
6	138195563	6:138195563_C/T	0.06396	0.00120
6	138195755	6:138195755_A/G	0.4817	0.00338
6	138195760	6:138195760_C/T	0.2611	0.00251
6	138195913	6:138195913_T/C	0.2439	0.00436
6	138195973	6:138195973_A/T	0.6611	0.00087
6	138195992	6:138195992_T/C	0.4223	0.00076
6	138195992	6:138195992_TG/T	0.6776	0.00229
6	138195993	6:138195993_G/C	0.4154	0.00065
6	138196017	6:138196017_G/GT	0.9339	0.31569
6	138196033	6:138196033_A/G	0.1069	0.30000
6	138196114	6:138196114_T/C	0.5306	0.00218
6	138196126	6:138196126_A/G	0.686	0.02026
6	138196174	6:138196174_C/T	0.2849	0.00054
6	138196216	6:138196216_G/A	0.5752	0.01100
6	138196223	6:138196223_C/T	0.1824	0.00098
6	138196227	6:138196227_A/G	0.5437	0.00065
6	138196315	6:138196315_G/A	0.2318	0.00294
6	138196326	6:138196326_C/T	0.3369	0.00436
6	138196359	6:138196359_C/T	0.5752	0.10044
6	138196384	6:138196384_G/A	0.4712	0.00065
6	138196402	6:138196402_G/T	0.03094	0.00076
6	138196479	6:138196479_T/C	0.6567	0.00098
6	138196726	6:138196726_AT/A	0.3864	0.00076
6	138196745	6:138196745_T/A	0.5536	0.42789
6	138196761	6:138196761_C/T	0.8111	0.00120
6	138196763	6:138196763_GC/G	0.6049	0.00076
6	138196861	6:138196861_C/T	0.08032	0.00109
6	138196908	6:138196908_G/T	0.3864	0.00403
6	138196957	6:138196957_T/C	0.1526	0.00033
6	138196993	6:138196993_TA/T	0.3843	0.00044
6	138197006	6:138197006_T/C	0.8966	0.44412
6	138197067	6:138197067_T/A	0.5336	0.00261
6	138197103	6:138197103_T/G	0.5336	0.00251
6	138197277	6:138197277_G/A	0.3366	0.00033
6	138197283	6:138197283_G/A	0.5362	0.00033
6	138197374	6:138197374_TGGCTGGAACTGGAGA/T	0.5079	0.02070
6	138197841	6:138197841_CA/C	0.1528	0.10185
6	138197855	6:138197855_G/T	0.3629	0.00131
6	138197862	6:138197862_G/T	0.5336	0.00098
6	138198196	6:138198196_A/G	0.7847	0.00240
6	138198235	6:138198235_C/T	0.4115	0.00033
6	138198311	6:138198311_G/A	0.3642	0.00065
6	138198331	6:138198331_TAAAC/T	0.3405	0.00044
6	138198364	6:138198364_A/G	0.7764	0.01111
6	138198538	6:138198538_C/T	0.9701	0.00545
6	138198555	6:138198555_T/C	0.4154	0.00033
6	138198568	6:138198568_T/C	0.9058	0.00033
6	138198625	6:138198625_G/T	0.7453	0.00033
6	138198721	6:138198721_A/G	0.1626	0.00054
6	138198951	6:138198951_C/T	0.8698	0.00065
6	138198956	6:138198956_T/C	0.5147	0.00327
6	138198999	6:138198999_C/T	0.04651	0.00033
6	138199022	6:138199022_A/T	0.4999	0.00044
6	138199032	6:138199032_A/C	0.7072	0.00185
6	138199051	6:138199051_T/C	0.1081	0.01100
6	138199082	6:138199082_A/G	0.6611	0.01133
6	138199159	6:138199159_A/ACTC	0.08657	0.09466
6	138199177	6:138199177_CCT/C	0.5336	0.00599
6	138199180	6:138199180_G/A	0.8698	0.09325
6	138199320	6:138199320_A/C	0.8049	0.00033
6	138199392	6:138199392_C/T	0.4999	0.01972
6	138199393	6:138199393_T/G	0.8853	0.10621
6	138199410	6:138199410_T/C	0.2785	0.00185
6	138199452	6:138199452_A/G	0.5336	0.00523
6	138199492	6:138199492_C/T	0.08657	0.01972
6	138199493	6:138199493_G/A	0.07943	0.43834
6	138199654	6:138199654_C/T	0.09028	0.10131
6	138199655	6:138199655_G/A	0.5336	0.00436
6	138199719	6:138199719_G/T	0.2681	0.00076
6	138199936	6:138199936_G/A	0.9116	0.00044
6	138200117	6:138200117_A/T	0.3146	0.01776
6	138200149	6:138200149_G/A	0.1879	0.00033
6	138200209	6:138200209_A/G	0.3682	0.00044
6	138200210	6:138200210_T/C	0.5092	0.00054
6	138200409	6:138200409_A/G	0.628	0.00425
6	138200413	6:138200413_CAA/C	0.6456	0.00065
6	138200419	6:138200419_G/A	0.344	0.00044
6	138200501	6:138200501_G/A	0.5147	0.00044
6	138200529	6:138200529_A/G	0.2528	0.10621
6	138200770	6:138200770_C/T	0.4661	0.00044
6	138200772	6:138200772_C/T	0.08495	0.00044
6	138200843	6:138200843_G/A	0.04491	0.00065
6	138200876	6:138200876_G/C	0.5336	0.00033
6	138200908	6:138200908_G/A	0.8539	0.00054
6	138200963	6:138200963_C/T	0.206	0.00174
6	138201042	6:138201042_G/A	0.507	0.00033
6	138201086	6:138201086_C/T	0.08657	0.00076
6	138201087	6:138201087_C/G	0.5336	0.00098
6	138201139	6:138201139_C/G	0.1995	0.31743
6	138201341	6:138201341_C/A	0.0002055	0.00098
6	138201379	6:138201379_C/T	0.1526	0.00327
6	138201398	6:138201398_C/T	0.6576	0.00033
6	138201499	6:138201499_T/C	0.2157	0.00861
6	138201559	6:138201559_T/G	0.04952	0.00251
6	138201560	6:138201560_T/G	0.3296	0.00033
6	138201620	6:138201620_G/T	0.8235	0.00414
6	138201782	6:138201782_C/G	0.001515	0.00098
6	138201782	6:138201782_C/T	0.5752	0.27778
6	138201809	6:138201809_C/T	0.3762	0.00098
6	138201821	6:138201821_G/A	0.01722	0.00403
6	138201828	6:138201828_C/G	0.5714	0.00076
6	138201828	6:138201828_C/T	0.6606	0.10122
6	138201833	6:138201833_G/T	0.8699	0.00054
6	138201850	6:138201850_C/CA	0.2056	0.00033
6	138202081	6:138202081_T/C	0.4744	0.00142
6	138202095	6:138202095_T/TTG	0.1904	0.00044
6	138202097	6:138202097_G/T	0.2237	0.00065
6	138202203	6:138202203_C/T	0.5941	0.44418
