#CHROM	BEG	MARKER_ID	PVALUE	MAF
12	47557883	12:47557883_AT/A	0.1947	0.15160
12	47557928	12:47557928_C/G	0.04869	0.02423
12	47557946	12:47557946_T/C	0.799	0.00043
12	47558055	12:47558055_C/T	0.7506	0.00163
12	47558120	12:47558120_C/T	0.5303	0.00174
12	47558165	12:47558165_C/T	0.3836	0.12562
12	47558215	12:47558215_A/G	0.6816	0.07020
12	47558434	12:47558434_C/CT	0.7377	0.12562
12	47558458	12:47558458_A/G	0.04251	0.00043
12	47558540	12:47558540_T/C	0.2989	0.00043
12	47558632	12:47558632_C/T	0.2636	0.00033
12	47558656	12:47558656_G/A	0.1741	0.01674
12	47558670	12:47558670_G/C	0.7517	0.12812
12	47558726	12:47558726_A/G	0.9362	0.00043
12	47558733	12:47558733_G/A	0.6765	0.00120
12	47558809	12:47558809_G/A	0.7301	0.01011
12	47558817	12:47558817_GA/G	0.561	0.00815
12	47558850	12:47558850_G/A	0.357	0.00076
12	47558978	12:47558978_T/G	0.3062	0.00054
12	47559028	12:47559028_A/C	0.5295	0.39859
12	47559048	12:47559048_G/A	0.4011	0.00304
12	47559400	12:47559400_T/C	0.9199	0.00087
12	47559416	12:47559416_T/A	0.339	0.12552
12	47559511	12:47559511_T/C	0.4841	0.00706
12	47559578	12:47559578_A/G	0.7767	0.00076
12	47559581	12:47559581_A/G	0.3748	0.00033
12	47559639	12:47559639_T/A	0.1184	0.29320
12	47559691	12:47559691_A/G	0.7304	0.00033
12	47559803	12:47559803_A/G	0.3477	0.00674
12	47559975	12:47559975_G/T	0.213	0.02489
12	47560064	12:47560064_C/T	0.3115	0.00033
12	47560087	12:47560087_C/CT	0.9711	0.00054
12	47560087	12:47560087_CT/C	0.8762	0.00043
12	47560092	12:47560092_T/C	0.6546	0.00087
12	47560112	12:47560112_C/T	0.4156	0.02597
12	47560270	12:47560270_C/T	0.393	0.00120
12	47560286	12:47560286_G/A	0.2631	0.00033
12	47560297	12:47560297_G/A	0.9584	0.00054
12	47560682	12:47560682_G/A	0.5147	0.00076
12	47560740	12:47560740_T/G	0.02699	0.20865
12	47560747	12:47560747_A/G	0.2631	0.00696
12	47560776	12:47560776_A/T	0.8768	0.00228
12	47560977	12:47560977_G/T	0.1837	0.00674
12	47561022	12:47561022_C/T	0.1094	0.00033
12	47561028	12:47561028_G/C	0.8384	0.00120
12	47561051	12:47561051_T/C	0.02247	0.00054
12	47561128	12:47561128_C/G	0.1094	0.00033
12	47561197	12:47561197_T/G	0.05746	0.02478
12	47561469	12:47561469_G/C	0.07553	0.00109
12	47561478	12:47561478_T/G	0.09046	0.00065
12	47561486	12:47561486_A/G	0.8778	0.00043
12	47561569	12:47561569_A/G	0.07837	0.00228
12	47561612	12:47561612_C/A	0.7086	0.01217
12	47561627	12:47561627_A/AT	0.8787	0.00054
12	47561729	12:47561729_T/C	0.2956	0.01130
12	47561794	12:47561794_A/C	0.1555	0.00033
12	47561826	12:47561826_G/A	0.879	0.00043
12	47561919	12:47561919_G/A	0.05196	0.00174
12	47562094	12:47562094_C/CT	0.07048	0.00772
12	47562133	12:47562133_G/A	0.2697	0.02489
12	47562251	12:47562251_C/T	0.3074	0.00054
12	47562252	12:47562252_G/A	0.7782	0.00054
12	47562301	12:47562301_A/G	0.8061	0.00065
12	47562354	12:47562354_TTATAAA/T	0.7805	0.00696
12	47562434	12:47562434_A/G	0.7375	0.00098
12	47562655	12:47562655_C/T	0.3804	0.12522
12	47562690	12:47562690_A/G	0.6337	0.00065
12	47562747	12:47562747_G/A	0.7196	0.00033
12	47562808	12:47562808_G/A	0.4667	0.00674
12	47562839	12:47562839_T/C	0.1475	0.00598
12	47562855	12:47562855_T/A	0.5343	0.00033
12	47562891	12:47562891_T/TA	0.1313	0.00250
12	47562915	12:47562915_A/G	0.7046	0.00033
12	47562918	12:47562918_C/T	0.0349	0.00532
12	47562933	12:47562933_G/A	0.1217	0.00750
12	47562949	12:47562949_G/A	0.6818	0.00109
12	47563061	12:47563061_G/A	0.6843	0.00152
12	47563117	12:47563117_G/A	0.7092	0.05781
12	47563203	12:47563203_C/G	0.1947	0.00206
12	47563276	12:47563276_G/A	0.7046	0.00272
12	47563302	12:47563302_C/T	0.3886	0.00033
12	47563318	12:47563318_C/A	0.7436	0.02478
12	47563467	12:47563467_G/A	0.793	0.00054
12	47563533	12:47563533_G/A	0.6473	0.00098
12	47563545	12:47563545_A/G	0.4732	0.00033
12	47563615	12:47563615_A/C	0.5487	0.00206
12	47563619	12:47563619_G/T	0.05559	0.24755
12	47563636	12:47563636_G/C	0.1554	0.00065
12	47563668	12:47563668_A/G	0.5048	0.00043
12	47563699	12:47563699_T/C	0.3195	0.00076
12	47563723	12:47563723_A/G	0.08821	0.00043
12	47563822	12:47563822_C/G	0.08446	0.24755
12	47563954	12:47563954_G/T	0.08446	0.00065
12	47563970	12:47563970_A/G	0.1806	0.00054
12	47564019	12:47564019_G/A	0.1094	0.00054
12	47564074	12:47564074_T/C	0.45	0.00163
12	47564104	12:47564104_G/A	0.7427	0.00043
12	47564139	12:47564139_C/A	0.9057	0.00435
12	47564171	12:47564171_C/G	0.2537	0.01032
12	47564274	12:47564274_T/A	0.814	0.01000
12	47564344	12:47564344_A/T	0.0905	0.00054
12	47564365	12:47564365_CAT/C	0.411	0.20974
12	47564542	12:47564542_C/T	0.5014	0.00076
12	47564562	12:47564562_G/C	0.4271	0.01065
12	47564613	12:47564613_AAG/A	0.5343	0.01587
12	47564691	12:47564691_A/C	0.1797	0.01608
12	47564717	12:47564717_C/G	0.3582	0.45208
12	47564740	12:47564740_C/T	0.3993	0.00033
12	47564853	12:47564853_G/A	0.03736	0.02478
12	47564880	12:47564880_T/C	0.07901	0.00043
12	47564944	12:47564944_G/A	0.2188	0.00109
12	47565005	12:47565005_A/G	0.5407	0.00120
12	47565089	12:47565089_G/C	0.2102	0.02597
12	47565247	12:47565247_G/T	0.7491	0.02478
12	47565300	12:47565300_T/G	0.8601	0.00054
12	47565381	12:47565381_T/C	0.5343	0.14953
12	47565618	12:47565618_G/C	0.5821	0.17380
12	47565659	12:47565659_A/G	0.08446	0.00109
12	47565664	12:47565664_C/A	0.114	0.01337
12	47565778	12:47565778_A/G	0.4701	0.00130
12	47565787	12:47565787_C/T	0.8694	0.12791
12	47565788	12:47565788_G/A	0.3819	0.42165
12	47565976	12:47565976_G/A	0.595	0.07064
12	47565976	12:47565976_G/T	0.8218	0.00054
12	47566047	12:47566047_T/C	0.8469	0.24766
12	47566053	12:47566053_TTGAC/T	0.0905	0.00043
12	47566081	12:47566081_G/C	0.3157	0.00587
12	47566160	12:47566160_G/C	0.8778	0.01869
12	47566212	12:47566212_G/T	0.1521	0.00174
12	47566227	12:47566227_G/T	0.1255	0.01195
12	47566272	12:47566272_A/G	0.8207	0.12910
12	47566299	12:47566299_G/A	0.9219	0.00043
12	47566333	12:47566333_A/G	0.7556	0.00033
12	47566460	12:47566460_C/A	0.01108	0.00054
12	47566753	12:47566753_A/G	0.3148	0.01130
12	47566832	12:47566832_A/G	0.04095	0.00054
12	47566892	12:47566892_C/T	0.8762	0.18572
12	47566952	12:47566952_C/T	0.7548	0.00674
12	47567077	12:47567077_A/C	0.5261	0.00674
12	47567187	12:47567187_A/G	0.8778	0.00141
12	47567188	12:47567188_G/A	0.4869	0.00033
12	47567219	12:47567219_A/G	0.07553	0.00163
12	47567234	12:47567234_T/C	0.7548	0.00402
12	47567265	12:47567265_C/G	0.7301	0.02413
12	47567323	12:47567323_G/A	0.2334	0.45284
12	47567414	12:47567414_A/G	0.4728	0.12554
12	47567504	12:47567504_T/C	0.992	0.00065
12	47567614	12:47567614_A/G	0.4208	0.02479
12	47567628	12:47567628_A/G	0.08446	0.00076
12	47567638	12:47567638_CAT/C	0.5248	0.00033
12	47567733	12:47567733_A/G	0.3786	0.00054
12	47567808	12:47567808_A/G	0.7054	0.00076
12	47567827	12:47567827_T/G	0.7849	0.00120
12	47567851	12:47567851_C/T	0.3179	0.00217
12	47567916	12:47567916_G/A	0.3754	0.02478
12	47567940	12:47567940_C/T	0.1787	0.00185
12	47567956	12:47567956_G/A	0.06235	0.00033
12	47567975	12:47567975_C/A	0.8893	0.00120
12	47568047	12:47568047_G/A	0.7215	0.00141
12	47568056	12:47568056_G/C	0.3262	0.00098
12	47568126	12:47568126_C/T	0.03441	0.00337
12	47568154	12:47568154_G/A	0.0631	0.00065
12	47568353	12:47568353_C/A	0.5313	0.00152
12	47568391	12:47568391_A/G	0.05559	0.14942
12	47568556	12:47568556_AGAG/A	0.6685	0.00206
12	47568602	12:47568602_ACT/A	0.3888	0.01402
12	47568621	12:47568621_A/G	0.6614	0.00109
12	47568683	12:47568683_T/A	0.1094	0.00087
12	47568706	12:47568706_G/A	0.361	0.00054
12	47568749	12:47568749_C/T	0.7871	0.00054
12	47568836	12:47568836_A/G	0.07901	0.00967
12	47568849	12:47568849_T/C	0.8218	0.00054
12	47568895	12:47568895_G/A	0.5589	0.00033
12	47568923	12:47568923_A/G	0.2631	0.00076
12	47568993	12:47568993_A/G	0.6841	0.00033
12	47569014	12:47569014_C/T	0.0506	0.01619
12	47569068	12:47569068_G/A	0.0905	0.00033
12	47569072	12:47569072_G/A	0.215	0.17398
12	47569080	12:47569080_C/T	0.04836	0.00033
12	47569133	12:47569133_C/T	0.2606	0.00076
12	47569134	12:47569134_G/A	0.06079	0.00196
12	47569191	12:47569191_G/T	0.4202	0.12826
12	47569198	12:47569198_C/A	0.6053	0.00076
12	47569208	12:47569208_G/T	0.07901	0.00043
12	47569263	12:47569263_A/C	0.4631	0.00033
12	47569264	12:47569264_T/C	0.8562	0.00033
12	47569272	12:47569272_G/A	0.5919	0.42002
12	47569316	12:47569316_G/A	0.5791	0.00043
12	47569392	12:47569392_A/G	0.3792	0.02468
12	47569458	12:47569458_G/A	0.3866	0.00294
12	47569466	12:47569466_C/G	0.07899	0.00065
12	47569554	12:47569554_A/G	0.1839	0.00131
12	47569588	12:47569588_G/T	0.3135	0.00109
12	47569777	12:47569777_ATAT/A	0.3853	0.17385
12	47569798	12:47569798_TTA/T	0.486	0.00196
12	47569810	12:47569810_T/TTATTTATTTA	0.3798	0.00033
12	47569819	12:47569819_A/C	0.09504	0.12780
12	47569862	12:47569862_G/C	0.8778	0.00109
12	47569907	12:47569907_T/C	0.7674	0.00109
12	47569930	12:47569930_G/C	0.8474	0.00207
12	47569964	12:47569964_C/T	0.63	0.01131
12	47569980	12:47569980_C/T	0.4065	0.01131
12	47570159	12:47570159_C/A	0.2399	0.00576
12	47570174	12:47570174_G/A	0.4283	0.00076
12	47570435	12:47570435_A/C	0.1495	0.00076
12	47570528	12:47570528_T/A	0.8469	0.00043
12	47570566	12:47570566_G/A	0.195	0.12533
12	47570640	12:47570640_C/T	0.4267	0.00413
12	47570689	12:47570689_A/C	0.2583	0.00131
12	47570734	12:47570734_C/T	0.0329	0.01131
12	47570749	12:47570749_A/G	0.9949	0.00152
12	47570785	12:47570785_C/A	0.6188	0.00076
12	47571095	12:47571095_A/G	0.7765	0.00109
12	47571191	12:47571191_C/A	0.3901	0.19859
12	47571504	12:47571504_T/C	0.134	0.14964
12	47571550	12:47571550_T/C	0.6391	0.00619
12	47571623	12:47571623_G/A	0.7403	0.12541
12	47571736	12:47571736_C/A	0.5323	0.00130
12	47571813	12:47571813_G/C	0.7375	0.00033
12	47571862	12:47571862_G/T	0.7573	0.17398
12	47571890	12:47571890_G/T	0.3932	0.17398
12	47571896	12:47571896_C/T	0.6815	0.34916
12	47571908	12:47571908_A/G	0.8922	0.00109
12	47571965	12:47571965_G/T	0.5774	0.00043
12	47571971	12:47571971_A/G	0.07604	0.00054
12	47572007	12:47572007_T/C	0.08063	0.00065
12	47572073	12:47572073_A/C	0.7093	0.00696
12	47572080	12:47572080_G/T	0.4188	0.00033
12	47572259	12:47572259_C/T	0.658	0.00174
12	47572361	12:47572361_T/C	0.8469	0.00120
12	47572363	12:47572363_C/T	0.4639	0.03499
12	47572402	12:47572402_T/G	0.4995	0.45838
12	47572509	12:47572509_C/T	0.7116	0.00065
12	47572529	12:47572529_T/C	0.1837	0.00880
12	47572543	12:47572543_TTGTATTTCTGTGGG/T	0.7767	0.01098
12	47572560	12:47572560_C/T	0.4699	0.01088
12	47572598	12:47572598_A/G	0.2631	0.00130
12	47572628	12:47572628_A/T	0.7805	0.17420
12	47573627	12:47573627_G/A	0.2198	0.46762
12	47573662	12:47573662_G/T	0.7548	0.00054
12	47573765	12:47573765_G/A	0.05886	0.00054
12	47573805	12:47573805_A/T	0.2993	0.12562
12	47573917	12:47573917_A/G	0.3018	0.00848
12	47573942	12:47573942_C/G	0.6671	0.12649
12	47574021	12:47574021_T/C	0.7536	0.01815
12	47574058	12:47574058_A/G	0.83	0.01913
12	47574059	12:47574059_C/T	0.469	0.17420
12	47574196	12:47574196_C/T	0.3531	0.00359
12	47574263	12:47574263_A/G	0.2241	0.00163
12	47574306	12:47574306_G/T	0.3568	0.02728
12	47574345	12:47574345_A/T	0.3742	0.00141
12	47574425	12:47574425_A/G	0.2686	0.11161
12	47574431	12:47574431_A/C	0.124	0.39937
12	47574531	12:47574531_C/CT	0.07523	0.00098
12	47574548	12:47574548_C/T	0.2276	0.24995
12	47574572	12:47574572_G/T	0.7508	0.00033
12	47574606	12:47574606_A/G	0.393	0.00033
12	47574714	12:47574714_A/G	0.3904	0.00120
12	47574729	12:47574729_T/C	0.203	0.00250
12	47574777	12:47574777_G/A	0.4375	0.00782
12	47574875	12:47574875_A/G	0.2774	0.00532
12	47574896	12:47574896_G/A	0.7613	0.00696
12	47574966	12:47574966_C/T	0.06469	0.00033
12	47575025	12:47575025_C/T	0.2155	0.04651
12	47575054	12:47575054_A/G	0.3238	0.00076
12	47575084	12:47575084_A/C	0.1094	0.00272
12	47575132	12:47575132_C/T	0.03689	0.00522
12	47575141	12:47575141_T/C	0.07553	0.18018
12	47575227	12:47575227_G/A	0.5701	0.00033
12	47575233	12:47575233_A/T	0.03689	0.00054
12	47575261	12:47575261_C/T	0.6676	0.00098
12	47575305	12:47575305_G/T	0.7718	0.00196
12	47575333	12:47575333_G/A	0.1837	0.00696
12	47575359	12:47575359_A/T	0.3628	0.00696
12	47575361	12:47575361_T/C	0.07553	0.00543
12	47575494	12:47575494_T/A	0.02376	0.00761
12	47575538	12:47575538_C/G	0.07553	0.00033
12	47575547	12:47575547_G/T	0.8473	0.00120
12	47575565	12:47575565_G/A	0.7375	0.00696
12	47575608	12:47575608_A/C	0.2604	0.17413
12	47575657	12:47575657_A/C	0.5609	0.00120
12	47575734	12:47575734_T/C	0.07553	0.00033
12	47575765	12:47575765_C/T	0.3384	0.00098
12	47575781	12:47575781_A/C	0.07553	0.18026
12	47575872	12:47575872_G/A	0.3639	0.00196
12	47575880	12:47575880_C/T	0.1947	0.00870
12	47575906	12:47575906_C/T	0.9949	0.17402
12	47576139	12:47576139_A/G	0.1638	0.12587
12	47576198	12:47576198_G/A	0.07557	0.00087
12	47576256	12:47576256_C/T	0.6618	0.00033
12	47576292	12:47576292_T/TA	0.3863	0.00141
12	47576351	12:47576351_T/C	0.07553	0.00076
12	47576363	12:47576363_G/A	0.7526	0.00033
12	47576519	12:47576519_AGT/A	0.6685	0.00163
12	47576526	12:47576526_T/C	0.3384	0.00065
12	47576583	12:47576583_C/T	0.03736	0.07183
12	47576634	12:47576634_C/T	0.2294	0.01022
12	47576655	12:47576655_G/A	0.3528	0.00033
12	47576715	12:47576715_T/C	0.6562	0.00043
12	47576801	12:47576801_C/G	0.3904	0.00054
12	47576916	12:47576916_A/G	0.06469	0.00033
12	47576944	12:47576944_A/G	0.1313	0.00054
12	47576969	12:47576969_C/T	0.3953	0.02490
12	47576988	12:47576988_C/G	0.3145	0.00076
12	47577087	12:47577087_T/TG	0.3665	0.00076
12	47577092	12:47577092_C/T	0.2635	0.00043
12	47577093	12:47577093_G/A	0.4684	0.00435
12	47577206	12:47577206_A/G	0.1517	0.00087
12	47577264	12:47577264_A/G	0.7486	0.37666
12	47577322	12:47577322_A/C	0.1095	0.00804
12	47577435	12:47577435_GTC/G	0.4045	0.02489
12	47577451	12:47577451_G/A	0.4052	0.02217
12	47577561	12:47577561_G/A	0.8628	0.00054
12	47577568	12:47577568_A/G	0.6643	0.00391
12	47577649	12:47577649_A/G	0.9907	0.12660
12	47577676	12:47577676_G/GA	0.9423	0.00054
12	47577677	12:47577677_A/G	0.1014	0.00043
12	47577801	12:47577801_GAATA/G	0.6178	0.00696
12	47577815	12:47577815_A/C	0.9362	0.00054
12	47577834	12:47577834_G/A	0.8469	0.00087
12	47577839	12:47577839_C/G	0.1826	0.37601
12	47577879	12:47577879_G/A	0.2083	0.01261
12	47577881	12:47577881_C/T	0.4165	0.00152
12	47578117	12:47578117_T/G	0.1513	0.00663
12	47578157	12:47578157_C/G	0.4592	0.00217
12	47578203	12:47578203_G/T	0.6195	0.00098
12	47578211	12:47578211_G/A	0.952	0.00109
12	47578280	12:47578280_G/A	0.7145	0.00174
12	47578380	12:47578380_A/T	0.6844	0.00065
12	47578411	12:47578411_A/G	0.4633	0.00098
12	47578484	12:47578484_AC/A	0.2986	0.00261
12	47578502	12:47578502_AGTTCTCAAACTTTT/A	0.57	0.00076
12	47578525	12:47578525_T/G	0.5711	0.00869
12	47578568	12:47578568_C/T	0.691	0.00043
12	47578628	12:47578628_A/G	0.5707	0.00685
12	47578653	12:47578653_A/G	0.4615	0.00120
12	47578675	12:47578675_G/A	0.1255	0.00098
12	47578676	12:47578676_T/C	0.3309	0.00087
12	47578688	12:47578688_G/A	0.6841	0.00054
12	47578692	12:47578692_G/C	0.4278	0.00663
12	47578711	12:47578711_G/C	0.1094	0.40480
12	47578799	12:47578799_T/A	0.7704	0.00043
12	47578804	12:47578804_A/G	0.8049	0.00435
12	47578828	12:47578828_T/C	0.8049	0.00120
12	47578829	12:47578829_G/A	0.5697	0.00532
12	47578830	12:47578830_T/C	0.1255	0.00576
12	47578861	12:47578861_T/C	0.7604	0.00033
12	47578930	12:47578930_C/A	0.1255	0.00065
12	47578932	12:47578932_A/T	0.4847	0.05032
12	47578950	12:47578950_C/T	0.3522	0.00283
12	47579004	12:47579004_T/C	0.3556	0.02489
12	47579055	12:47579055_T/C	0.9803	0.00228
12	47579180	12:47579180_C/G	0.7375	0.00043
12	47579312	12:47579312_A/G	0.1255	0.00043
12	47579418	12:47579418_G/A	0.2191	0.39318
12	47579423	12:47579423_C/T	0.4633	0.00033
12	47579424	12:47579424_G/A	0.9172	0.02184
12	47579703	12:47579703_T/C	0.1309	0.12562
12	47579785	12:47579785_G/A	0.1961	0.17431
12	47579889	12:47579889_A/C	0.5209	0.00065
12	47579941	12:47579941_A/C	0.4417	0.00391
12	47579959	12:47579959_A/AT	0.8207	0.00272
12	47580038	12:47580038_A/G	0.5696	0.00109
12	47580088	12:47580088_C/T	0.2927	0.05249
12	47580089	12:47580089_G/A	0.6592	0.00630
12	47580149	12:47580149_G/C	0.6821	0.04684
12	47580180	12:47580180_G/A	0.4193	0.00696
12	47580182	12:47580182_G/A	0.2367	0.40491
12	47580209	12:47580209_T/C	0.6226	0.00033
12	47580210	12:47580210_G/T	0.7655	0.01076
12	47580266	12:47580266_G/A	0.5697	0.02598
12	47580399	12:47580399_T/C	0.09636	0.05870
12	47580457	12:47580457_G/C	0.1255	0.07183
12	47580585	12:47580585_T/C	0.1578	0.00054
12	47580600	12:47580600_C/T	0.2531	0.33587
12	47580693	12:47580693_T/C	0.1255	0.12554
12	47580716	12:47580716_G/T	0.4181	0.07185
12	47580779	12:47580779_G/A	0.8384	0.00033
12	47580824	12:47580824_A/G	0.4882	0.00076
12	47580901	12:47580901_G/C	0.3754	0.00130
12	47580939	12:47580939_T/C	0.6996	0.00065
12	47580975	12:47580975_A/G	0.2486	0.00054
12	47581033	12:47581033_A/G	0.9367	0.00304
12	47581096	12:47581096_G/A	0.3378	0.00087
12	47581106	12:47581106_A/G	0.1255	0.15258
12	47581164	12:47581164_G/C	0.8817	0.00163
12	47581195	12:47581195_G/A	0.4633	0.00098
12	47581232	12:47581232_C/T	0.4633	0.00065
12	47581250	12:47581250_G/A	0.6507	0.00033
12	47581330	12:47581330_C/T	0.5032	0.00109
12	47581448	12:47581448_G/A	0.6734	0.00033
12	47581505	12:47581505_C/G	0.9763	0.00076
12	47581619	12:47581619_G/A	0.8559	0.40348
12	47581668	12:47581668_T/G	0.5697	0.00446
12	47581719	12:47581719_G/A	0.9949	0.00283
12	47582013	12:47582013_C/G	0.7646	0.00109
12	47582130	12:47582130_A/G	0.02198	0.12674
12	47582288	12:47582288_C/G	0.1892	0.11309
12	47582368	12:47582368_A/G	0.2636	0.00130
12	47582441	12:47582441_T/G	0.4477	0.19713
12	47582483	12:47582483_A/AT	0.3445	0.00033
12	47582483	12:47582483_AT/A	0.01287	0.00217
12	47582638	12:47582638_T/A	0.2128	0.00033
12	47582664	12:47582664_C/A	0.1255	0.02304
12	47582799	12:47582799_TAAC/T	0.7527	0.00065
12	47582824	12:47582824_TATAC/T	0.6921	0.00043
12	47582838	12:47582838_CACAT/C	0.583	0.00033
12	47582932	12:47582932_A/C	0.9045	0.00033
12	47582959	12:47582959_A/G	0.2536	0.48978
12	47583028	12:47583028_C/T	0.5562	0.00033
12	47583113	12:47583113_A/C	0.03228	0.00054
12	47583195	12:47583195_C/T	0.7604	0.00054
12	47583214	12:47583214_A/T	0.9449	0.00717
12	47583243	12:47583243_G/A	0.7866	0.24935
12	47583311	12:47583311_A/G	0.6868	0.00163
12	47583439	12:47583439_C/T	0.208	0.00033
12	47583440	12:47583440_C/T	0.3876	0.02739
12	47583566	12:47583566_G/A	0.7533	0.00935
12	47583627	12:47583627_G/A	0.003478	0.00446
12	47583634	12:47583634_C/T	0.3835	0.13022
12	47583686	12:47583686_G/T	0.1255	0.00120
12	47583782	12:47583782_G/A	0.7536	0.00054
12	47583955	12:47583955_A/G	0.4363	0.00609
12	47584016	12:47584016_T/A	0.5948	0.48968
12	47584057	12:47584057_C/A	0.1898	0.00054
12	47584067	12:47584067_G/GTC	0.693	0.12652
12	47584123	12:47584123_C/T	0.5408	0.00261
12	47584171	12:47584171_G/T	0.7724	0.00054
12	47584179	12:47584179_A/G	0.8593	0.12660
12	47584209	12:47584209_C/T	0.8207	0.00446
12	47584225	12:47584225_A/G	0.9239	0.00033
12	47584240	12:47584240_T/C	0.917	0.00663
12	47584253	12:47584253_C/T	0.8559	0.00076
12	47584263	12:47584263_A/C	0.9905	0.00163
12	47584323	12:47584323_C/T	0.4633	0.00076
12	47584373	12:47584373_C/T	0.9949	0.00033
12	47584415	12:47584415_A/G	0.1255	0.00152
12	47584433	12:47584433_A/G	0.1981	0.00163
12	47584440	12:47584440_G/T	0.8984	0.00065
12	47584628	12:47584628_A/G	0.2662	0.00739
12	47584676	12:47584676_C/CT	0.1096	0.00087
12	47584676	12:47584676_CT/C	0.3139	0.04890
12	47584733	12:47584733_C/T	0.9367	0.00109
12	47584762	12:47584762_G/A	0.802	0.00043
12	47584823	12:47584823_G/A	0.1094	0.00033
12	47584930	12:47584930_A/G	0.4633	0.00087
12	47585094	12:47585094_G/A	0.4633	0.18735
12	47585161	12:47585161_A/G	0.1894	0.00033
12	47585212	12:47585212_A/C	0.5272	0.00380
12	47585297	12:47585297_G/C	0.7375	0.00033
12	47585298	12:47585298_AT/A	0.1255	0.00609
12	47585324	12:47585324_C/T	0.2432	0.00043
12	47585484	12:47585484_G/A	0.9949	0.00152
12	47585532	12:47585532_CT/C	0.5694	0.00120
12	47585647	12:47585647_T/G	0.6289	0.00120
12	47585651	12:47585651_G/A	0.5818	0.39198
12	47585721	12:47585721_T/C	0.7787	0.00065
12	47585955	12:47585955_C/T	0.5701	0.00033
12	47586097	12:47586097_T/A	0.3184	0.12690
12	47586171	12:47586171_C/T	0.8113	0.00272
12	47586190	12:47586190_C/G	0.9065	0.00043
12	47586305	12:47586305_C/T	0.2556	0.00054
12	47586319	12:47586319_G/A	0.6966	0.03923
12	47586339	12:47586339_A/C	0.9904	0.00130
12	47586363	12:47586363_C/CA	0.04836	0.24386
12	47586435	12:47586435_C/T	0.2931	0.00054
12	47586474	12:47586474_G/A	0.163	0.00033
12	47586484	12:47586484_A/G	0.3946	0.49631
12	47586503	12:47586503_C/T	0.5024	0.00163
12	47586636	12:47586636_A/G	0.7989	0.00076
12	47586665	12:47586665_C/T	0.5848	0.00054
12	47586740	12:47586740_A/C	0.6098	0.03108
12	47586770	12:47586770_C/G	0.7717	0.00065
12	47586812	12:47586812_A/G	0.3835	0.00098
12	47586892	12:47586892_G/A	0.4719	0.00163
12	47586907	12:47586907_C/T	0.7023	0.00033
12	47586932	12:47586932_A/G	0.5089	0.00043
12	47586999	12:47586999_C/T	0.3836	0.00054
12	47587049	12:47587049_A/G	0.4823	0.00033
12	47587067	12:47587067_A/C	0.9224	0.00076
12	47587106	12:47587106_C/T	0.4106	0.00043
12	47587107	12:47587107_T/C	0.915	0.00076
12	47587117	12:47587117_A/G	0.4132	0.00054
12	47587118	12:47587118_C/A	0.3628	0.00043
12	47587118	12:47587118_CA/C	0.3782	0.01282
12	47587267	12:47587267_G/C	0.9513	0.00054
12	47587343	12:47587343_G/A	0.1755	0.00033
12	47587366	12:47587366_A/G	0.7524	0.05055
12	47587707	12:47587707_C/A	0.7429	0.00065
12	47587757	12:47587757_C/T	0.7153	0.00305
12	47587853	12:47587853_A/G	0.1277	0.00197
12	47587858	12:47587858_T/C	0.3628	0.11248
12	47587923	12:47587923_A/G	0.4906	0.00130
12	47587937	12:47587937_G/A	0.4801	0.00522
12	47587971	12:47587971_CAGT/C	0.5029	0.05663
12	47588129	12:47588129_C/T	0.4955	0.02087
12	47588137	12:47588137_C/A	0.6714	0.00185
12	47588153	12:47588153_A/G	0.9168	0.01076
12	47588166	12:47588166_C/T	0.123	0.28635
12	47588206	12:47588206_G/A	0.8364	0.00033
12	47588213	12:47588213_C/T	0.7573	0.01261
12	47588513	12:47588513_C/T	0.7429	0.00087
12	47588559	12:47588559_G/A	0.2971	0.01065
12	47588694	12:47588694_C/G	0.6404	0.00065
12	47588808	12:47588808_A/G	0.1365	0.00043
12	47588866	12:47588866_T/G	0.7327	0.02108
12	47589031	12:47589031_T/G	0.1387	0.16290
12	47589122	12:47589122_A/G	0.5746	0.01185
12	47589185	12:47589185_G/T	0.5423	0.00391
12	47589283	12:47589283_G/T	0.1478	0.00033
12	47589397	12:47589397_A/G	0.6518	0.00217
12	47589516	12:47589516_T/C	0.6035	0.00043
12	47589521	12:47589521_A/G	0.2978	0.00033
12	47589572	12:47589572_C/G	0.1974	0.00250
12	47589573	12:47589573_G/A	0.5761	0.35275
12	47589579	12:47589579_T/G	0.2068	0.13932
12	47589693	12:47589693_C/T	0.5665	0.04379
12	47589700	12:47589700_A/C	0.915	0.00043
12	47589709	12:47589709_C/T	0.2388	0.00076
12	47589750	12:47589750_C/T	0.9916	0.00076
12	47589789	12:47589789_T/C	0.3998	0.02565
12	47589798	12:47589798_T/C	0.5291	0.00348
12	47589835	12:47589835_G/A	0.03228	0.02946
12	47589870	12:47589870_A/C	0.3315	0.15406
12	47589874	12:47589874_C/T	0.4822	0.15431
12	47589924	12:47589924_T/G	0.3149	0.00098
12	47589946	12:47589946_G/A	0.8207	0.00076
12	47589962	12:47589962_C/T	0.2542	0.00663
12	47590031	12:47590031_G/C	0.9374	0.00098
12	47590106	12:47590106_G/A	0.6067	0.00076
12	47590115	12:47590115_G/A	0.821	0.04195
12	47590238	12:47590238_GTGTAACGTAAGTAAAATGACATGATC/G	0.4027	0.00663
12	47590289	12:47590289_T/C	0.7536	0.01087
12	47590295	12:47590295_A/T	0.7429	0.01032
12	47590299	12:47590299_A/G	0.3162	0.00087
12	47590332	12:47590332_A/G	0.789	0.00033
12	47590373	12:47590373_C/G	0.2341	0.00630
12	47590383	12:47590383_C/G	0.1886	0.00033
12	47590396	12:47590396_G/A	0.3005	0.00054
12	47590412	12:47590412_A/G	0.7237	0.09237
12	47590454	12:47590454_T/C	0.9139	0.09042
12	47590529	12:47590529_CT/C	0.0332	0.00065
12	47590611	12:47590611_A/G	0.03425	0.00054
12	47590728	12:47590728_A/G	0.915	0.00304
12	47590739	12:47590739_C/T	0.5145	0.02749
12	47590746	12:47590746_C/T	0.9692	0.00098
12	47590783	12:47590783_G/A	0.7395	0.00174
12	47590795	12:47590795_A/G	0.4625	0.01239
12	47590825	12:47590825_G/A	0.6167	0.33091
12	47590896	12:47590896_C/T	0.6392	0.00076
12	47590897	12:47590897_G/A	0.6643	0.01239
12	47590911	12:47590911_C/T	0.794	0.00054
12	47591039	12:47591039_T/C	0.03395	0.00598
12	47591087	12:47591087_T/C	0.8251	0.09422
12	47591184	12:47591184_G/C	0.9737	0.28983
12	47591365	12:47591365_T/A	0.3793	0.00467
12	47591464	12:47591464_C/T	0.5206	0.00152
12	47591581	12:47591581_A/G	0.7429	0.34101
12	47591634	12:47591634_G/A	0.179	0.00065
12	47591685	12:47591685_C/G	0.2849	0.00185
12	47591697	12:47591697_G/C	0.8116	0.00261
12	47591761	12:47591761_A/G	0.4191	0.07248
12	47591835	12:47591835_A/G	0.02162	0.00065
12	47591975	12:47591975_A/G	0.5251	0.28989
12	47592042	12:47592042_A/G	0.8371	0.00206
12	47592127	12:47592127_A/T	0.915	0.29005
12	47592247	12:47592247_G/C	0.9287	0.11845
12	47592309	12:47592309_G/A	0.03175	0.00033
12	47592341	12:47592341_G/C	0.07746	0.00076
12	47592354	12:47592354_C/T	0.7429	0.00065
12	47592355	12:47592355_G/A	0.2872	0.00369
12	47592374	12:47592374_TTCC/T	0.5291	0.03956
12	47592412	12:47592412_G/A	0.5343	0.02608
12	47592462	12:47592462_T/C	0.6173	0.00043
12	47592534	12:47592534_T/G	0.2548	0.00043
12	47592610	12:47592610_A/C	0.361	0.03956
12	47592613	12:47592613_G/A	0.4826	0.00033
12	47592687	12:47592687_T/C	0.2068	0.01250
12	47592786	12:47592786_T/C	0.2556	0.00065
12	47592863	12:47592863_ATTGT/A	0.3546	0.00315
12	47592943	12:47592943_T/C	0.0905	0.00043
12	47593125	12:47593125_G/C	0.2872	0.00087
12	47593233	12:47593233_C/T	0.8469	0.11087
12	47593245	12:47593245_TG/T	0.3281	0.00598
12	47593265	12:47593265_G/A	0.339	0.00033
12	47593363	12:47593363_G/T	0.08698	0.03958
12	47593582	12:47593582_C/CAGA	0.9773	0.00120
12	47593603	12:47593603_ATCTGGGGCT/A	0.6288	0.00152
12	47593665	12:47593665_G/A	0.343	0.31130
12	47593734	12:47593734_C/A	0.1485	0.00033
12	47593766	12:47593766_C/A	0.7022	0.00033
12	47593782	12:47593782_G/A	0.2843	0.31120
12	47593909	12:47593909_G/A	0.2094	0.00033
12	47593977	12:47593977_C/G	0.291	0.10328
12	47594013	12:47594013_G/A	0.4786	0.00196
12	47594033	12:47594033_C/T	0.7599	0.00054
12	47594116	12:47594116_G/A	0.07044	0.01501
12	47594239	12:47594239_A/C	0.4382	0.00294
12	47594260	12:47594260_GC/G	0.7327	0.03957
12	47594432	12:47594432_A/T	0.008234	0.01065
12	47594475	12:47594475_T/C	0.08911	0.00261
12	47594502	12:47594502_T/C	0.04342	0.32496
12	47594518	12:47594518_T/C	0.1973	0.00130
12	47594706	12:47594706_T/C	0.7392	0.00033
12	47594746	12:47594746_A/T	0.339	0.11135
12	47594812	12:47594812_AAG/A	0.9368	0.00315
12	47594822	12:47594822_C/T	0.9619	0.00054
12	47594827	12:47594827_G/A	0.7049	0.00033
12	47594904	12:47594904_T/A	0.9271	0.00076
12	47594909	12:47594909_G/A	0.9173	0.01391
12	47594995	12:47594995_T/C	0.581	0.00163
12	47595037	12:47595037_CA/C	0.1701	0.00043
12	47595050	12:47595050_T/C	0.8359	0.00250
12	47595365	12:47595365_G/A	0.3212	0.00261
12	47595387	12:47595387_G/A	0.4342	0.00033
12	47595387	12:47595387_G/T	0.1962	0.11128
12	47595433	12:47595433_A/AT	0.6939	0.00283
12	47595488	12:47595488_C/T	0.9955	0.03956
12	47595529	12:47595529_T/A	0.3404	0.00250
12	47595696	12:47595696_G/A	0.8869	0.02859
12	47595950	12:47595950_A/G	0.7913	0.01554
12	47595984	12:47595984_A/G	0.5142	0.00380
12	47596013	12:47596013_G/A	0.789	0.00152
12	47596050	12:47596050_G/A	0.9764	0.00076
12	47596179	12:47596179_C/G	0.1963	0.00120
12	47596272	12:47596272_G/A	0.1157	0.00033
12	47596389	12:47596389_G/A	0.2469	0.00076
12	47596547	12:47596547_G/A	0.7327	0.00870
12	47596575	12:47596575_G/A	0.2577	0.00935
12	47596753	12:47596753_G/A	0.2893	0.00054
12	47596781	12:47596781_C/G	0.3574	0.00315
12	47596785	12:47596785_A/G	0.9644	0.00033
12	47596962	12:47596962_A/G	0.7913	0.29141
12	47597049	12:47597049_C/A	0.8157	0.00065
12	47597223	12:47597223_T/C	0.6059	0.00033
12	47597266	12:47597266_G/A	0.3686	0.11098
12	47597274	12:47597274_A/G	0.4301	0.00033
12	47597282	12:47597282_C/T	0.665	0.00087
12	47597329	12:47597329_A/T	0.6436	0.01282
12	47597350	12:47597350_A/G	0.1794	0.03119
12	47597357	12:47597357_T/A	0.2893	0.21620
12	47597396	12:47597396_T/C	0.5493	0.00217
12	47597515	12:47597515_G/A	0.5493	0.21626
12	47597534	12:47597534_G/A	0.6954	0.15149
12	47597623	12:47597623_C/T	0.2283	0.31569
12	47597820	12:47597820_A/G	0.6507	0.01391
12	47597831	12:47597831_G/T	0.4786	0.21626
12	47597945	12:47597945_C/A	0.2761	0.00098
12	47597989	12:47597989_T/C	0.4911	0.00337
12	47598031	12:47598031_A/G	0.2823	0.21598
12	47598037	12:47598037_G/A	0.658	0.03957
12	47598144	12:47598144_A/C	0.9955	0.01282
12	47598215	12:47598215_C/T	0.2104	0.04619
12	47598224	12:47598224_G/T	0.5493	0.00043
12	47598270	12:47598270_C/G	0.4519	0.26777
12	47598401	12:47598401_C/T	0.0292	0.07618
12	47598471	12:47598471_C/T	0.1664	0.00076
12	47598482	12:47598482_A/G	0.4786	0.31576
12	47598483	12:47598483_T/C	0.2494	0.05598
12	47598689	12:47598689_C/T	0.4324	0.03262
12	47598815	12:47598815_G/A	0.7643	0.00087
12	47598896	12:47598896_A/G	0.3297	0.07227
12	47599022	12:47599022_A/T	0.8665	0.00033
12	47599057	12:47599057_A/G	0.987	0.01055
12	47599084	12:47599084_A/G	0.3197	0.00087
12	47599134	12:47599134_C/T	0.5373	0.00033
12	47599163	12:47599163_T/C	0.2893	0.00152
12	47599206	12:47599206_A/G	0.8115	0.12837
12	47599231	12:47599231_A/T	0.2893	0.00217
12	47599286	12:47599286_T/G	0.5067	0.12823
12	47599457	12:47599457_A/G	0.2922	0.07652
12	47599523	12:47599523_G/A	0.3061	0.01141
12	47599529	12:47599529_T/G	0.2893	0.03097
12	47599689	12:47599689_T/C	0.01198	0.00043
12	47599766	12:47599766_C/G	0.02882	0.12826
12	47599770	12:47599770_G/C	0.1886	0.30293
12	47599784	12:47599784_C/T	0.1835	0.00120
12	47599789	12:47599789_GTAATGGCCA/G	0.2409	0.00033
12	47600023	12:47600023_A/C	0.6637	0.10737
12	47600051	12:47600051_C/T	0.9237	0.00043
12	47600052	12:47600052_G/A	0.6461	0.00424
12	47600071	12:47600071_C/T	0.6474	0.01108
12	47600106	12:47600106_A/G	0.9391	0.12891
12	47600155	12:47600155_T/G	0.9969	0.04663
12	47600230	12:47600230_A/T	0.6025	0.00130
12	47600392	12:47600392_A/G	0.5084	0.01315
12	47600450	12:47600450_G/T	0.5603	0.00391
12	47600529	12:47600529_G/A	0.4588	0.00130
12	47600736	12:47600736_A/G	0.5326	0.01315
12	47600827	12:47600827_C/T	0.1722	0.12486
12	47601025	12:47601025_G/C	0.01812	0.30287
12	47601095	12:47601095_A/G	0.604	0.00054
12	47601095	12:47601095_ATTTTC/A	0.7969	0.00033
12	47601201	12:47601201_C/T	0.6009	0.10726
12	47601217	12:47601217_A/G	0.793	0.00250
12	47601220	12:47601220_T/A	0.7659	0.00413
12	47601254	12:47601254_G/T	0.3235	0.01163
12	47601307	12:47601307_T/G	0.8439	0.04586
12	47601463	12:47601463_T/C	0.7913	0.00076
12	47601553	12:47601553_T/C	0.7913	0.00033
12	47601705	12:47601705_G/A	0.7908	0.12402
12	47601748	12:47601748_A/G	0.7887	0.00120
12	47601802	12:47601802_T/C	0.8156	0.00087
12	47601863	12:47601863_A/AACT	0.4277	0.20289
12	47601933	12:47601933_T/TAA	0.4787	0.00065
12	47601956	12:47601956_C/G	0.6954	0.00076
12	47602195	12:47602195_G/A	0.7913	0.00130
12	47602196	12:47602196_G/C	0.789	0.07401
12	47602263	12:47602263_A/G	0.4519	0.00228
12	47602286	12:47602286_G/A	0.7656	0.00163
12	47602355	12:47602355_T/G	0.7913	0.00043
12	47602419	12:47602419_C/T	0.9258	0.00065
12	47602472	12:47602472_A/G	0.7913	0.00152
12	47602517	12:47602517_A/T	0.5223	0.00033
12	47602643	12:47602643_A/G	0.9719	0.00359
12	47602702	12:47602702_TGGA/T	0.4997	0.01554
12	47602704	12:47602704_G/A	0.4064	0.00130
12	47602778	12:47602778_TG/T	0.6643	0.00413
12	47602864	12:47602864_G/A	0.529	0.00478
12	47602918	12:47602918_A/G	0.6984	0.00217
12	47602963	12:47602963_A/G	0.624	0.00033
12	47603044	12:47603044_G/A	0.7327	0.30580
12	47603058	12:47603058_G/C	0.2851	0.00609
12	47603247	12:47603247_A/G	0.4581	0.00043
12	47603256	12:47603256_C/G	0.8153	0.00228
12	47603344	12:47603344_T/A	0.7645	0.00043
12	47603378	12:47603378_A/T	0.1836	0.00033
12	47603461	12:47603461_C/G	0.348	0.30493
12	47603474	12:47603474_T/C	0.2893	0.00130
12	47603494	12:47603494_T/C	0.9242	0.00283
12	47603511	12:47603511_T/A	0.4911	0.00065
12	47603526	12:47603526_T/G	0.4193	0.41915
12	47603594	12:47603594_A/G	0.7531	0.00054
12	47603666	12:47603666_C/G	0.1049	0.12378
12	47603888	12:47603888_A/G	0.01812	0.04673
12	47603934	12:47603934_A/G	0.682	0.01500
12	47604151	12:47604151_T/G	0.8208	0.00087
12	47604265	12:47604265_A/G	0.2634	0.00033
12	47604269	12:47604269_C/T	0.9557	0.01891
12	47604322	12:47604322_T/C	0.7356	0.00228
12	47604423	12:47604423_T/C	0.9342	0.00196
12	47604429	12:47604429_T/C	0.3653	0.31569
12	47604566	12:47604566_T/C	0.5607	0.00130
12	47604567	12:47604567_C/G	0.8207	0.00369
12	47604705	12:47604705_T/C	0.8839	0.00087
12	47604870	12:47604870_C/G	0.9773	0.00033
12	47604893	12:47604893_A/G	0.6536	0.02521
12	47604932	12:47604932_A/G	0.4911	0.01500
12	47604941	12:47604941_T/C	0.682	0.13685
12	47604987	12:47604987_AGTGT/A	0.0905	0.01392
12	47604988	12:47604988_G/A	0.2346	0.00228
12	47605053	12:47605053_T/C	0.9773	0.00076
12	47605144	12:47605144_A/G	0.9719	0.00163
12	47605312	12:47605312_C/T	0.02881	0.13680
12	47605339	12:47605339_T/C	0.7913	0.00413
12	47605565	12:47605565_C/T	0.7573	0.00044
12	47605652	12:47605652_T/A	0.4786	0.00033
12	47605675	12:47605675_A/G	0.005193	0.00359
12	47605771	12:47605771_GTTTA/G	0.1204	0.00228
12	47605798	12:47605798_G/C	0.969	0.00228
12	47605901	12:47605901_A/G	0.4911	0.00935
12	47606067	12:47606067_C/G	0.3309	0.46541
12	47606149	12:47606149_T/C	0.7767	0.46541
12	47606156	12:47606156_A/C	0.2917	0.00043
12	47606183	12:47606183_G/A	0.5944	0.02001
12	47606404	12:47606404_AT/A	0.5389	0.07666
12	47606406	12:47606406_G/A	0.5389	0.00098
12	47606511	12:47606511_G/A	0.3697	0.00033
12	47606517	12:47606517_C/T	0.04978	0.01022
12	47606623	12:47606623_G/A	0.9947	0.03730
12	47606866	12:47606866_T/G	0.7885	0.00033
12	47606890	12:47606890_GC/G	0.3701	0.31772
12	47606947	12:47606947_A/T	0.3184	0.00043
12	47606965	12:47606965_A/G	0.9127	0.00043
12	47607029	12:47607029_C/G	0.3921	0.01044
12	47607188	12:47607188_G/T	0.9604	0.00120
12	47607208	12:47607208_G/A	0.6035	0.00239
12	47607211	12:47607211_C/T	0.5027	0.00076
12	47607223	12:47607223_C/T	0.9844	0.41839
12	47607232	12:47607232_T/G	0.2145	0.00141
12	47607264	12:47607264_C/T	0.1514	0.00782
12	47607358	12:47607358_C/T	0.4768	0.00239
12	47607549	12:47607549_A/G	0.1886	0.02988
12	47607565	12:47607565_A/G	0.8861	0.01391
12	47607566	12:47607566_T/C	0.9084	0.00033
12	47607570	12:47607570_C/G	0.3697	0.07661
12	47607634	12:47607634_CT/C	0.4727	0.00163
12	47607669	12:47607669_A/G	0.757	0.13693
12	47607731	12:47607731_T/G	0.0454	0.00033
12	47607810	12:47607810_A/G	0.0905	0.00217
12	47607834	12:47607834_C/T	0.5463	0.00054
12	47607880	12:47607880_T/C	0.658	0.00326
12	47607907	12:47607907_T/C	0.3309	0.00261
12	47607987	12:47607987_A/G	0.3229	0.00120
12	47608055	12:47608055_A/C	0.6444	0.00217
12	47608057	12:47608057_T/C	0.6555	0.02673
12	47608125	12:47608125_T/C	0.6466	0.00120
12	47608179	12:47608179_C/T	0.5432	0.00826
12	47608185	12:47608185_G/A	0.4282	0.00087
12	47608194	12:47608194_T/G	0.8904	0.00163
12	47608196	12:47608196_G/T	0.3467	0.00196
12	47608236	12:47608236_C/T	0.3244	0.00109
12	47608312	12:47608312_C/G	0.6299	0.00261
12	47608335	12:47608335_G/A	0.788	0.00065
12	47608439	12:47608439_G/A	0.949	0.00033
12	47608446	12:47608446_C/T	0.24	0.00196
12	47608447	12:47608447_G/A	0.996	0.00033
12	47608508	12:47608508_C/T	0.3882	0.12019
12	47608541	12:47608541_G/A	0.04523	0.00130
12	47608562	12:47608562_TA/T	0.00265	0.00109
12	47608598	12:47608598_T/A	0.9505	0.00043
12	47608642	12:47608642_C/T	0.09781	0.00130
12	47608672	12:47608672_C/T	0.3244	0.00043
12	47608713	12:47608713_T/C	0.3425	0.00033
12	47608747	12:47608747_T/G	0.3937	0.00033
12	47608860	12:47608860_A/G	0.993	0.00087
12	47608868	12:47608868_A/T	0.9188	0.30439
12	47608938	12:47608938_T/C	0.1717	0.01489
12	47608991	12:47608991_T/C	0.2892	0.00054
12	47609051	12:47609051_A/G	0.247	0.00054
12	47609158	12:47609158_G/A	0.9747	0.00033
12	47609221	12:47609221_A/G	0.0454	0.00043
12	47609333	12:47609333_G/A	0.684	0.00043
12	47609404	12:47609404_G/A	0.5601	0.00076
12	47609453	12:47609453_C/G	0.348	0.07651
12	47609587	12:47609587_G/A	0.2544	0.00804
12	47609701	12:47609701_T/C	0.7263	0.00033
12	47609714	12:47609714_A/G	0.3213	0.00098
12	47609898	12:47609898_G/T	0.3575	0.00598
12	47610039	12:47610039_G/A	0.4284	0.00033
12	47610071	12:47610071_T/C	0.9271	0.00076
12	47610173	12:47610173_A/G	0.7131	0.00033
12	47610277	12:47610277_G/A	0.6441	0.00087
12	47610446	12:47610446_T/A	0.277	0.00902
12	47610447	12:47610447_A/T	0.3196	0.00065
12	47610463	12:47610463_T/A	0.5864	0.07661
12	47610697	12:47610697_A/G	0.7357	0.12052
12	47610719	12:47610719_G/GT	0.06103	0.00163
12	47610735	12:47610735_A/C	0.3091	0.02739
12	47610737	12:47610737_A/G	0.3091	0.00033
12	47610765	12:47610765_T/C	0.5769	0.00043
12	47610991	12:47610991_G/A	0.04538	0.35891
12	47611139	12:47611139_A/T	0.286	0.03456
12	47611178	12:47611178_C/T	0.582	0.01293
12	47611185	12:47611185_T/C	0.3281	0.00065
12	47611205	12:47611205_C/T	0.7933	0.00174
12	47611207	12:47611207_G/GTTTTC	0.2428	0.00033
12	47611222	12:47611222_C/CT	0.364	0.00033
12	47611277	12:47611277_A/G	0.3953	0.00293
12	47611448	12:47611448_T/C	0.6603	0.00293
12	47611480	12:47611480_A/G	0.6149	0.27027
12	47611743	12:47611743_C/G	0.2448	0.00033
12	47611743	12:47611743_C/T	0.1947	0.35949
12	47611767	12:47611767_T/C	0.4948	0.35927
12	47611792	12:47611792_G/A	0.5041	0.00076
12	47611867	12:47611867_G/A	0.2062	0.00043
12	47611963	12:47611963_G/A	0.7767	0.00033
12	47612103	12:47612103_T/TC	0.6691	0.00054
12	47612109	12:47612109_A/G	0.755	0.00228
12	47612289	12:47612289_G/T	0.279	0.00087
12	47612293	12:47612293_G/A	0.8817	0.00217
12	47612324	12:47612324_C/G	0.5594	0.00619
12	47612505	12:47612505_G/A	0.8508	0.01554
12	47612609	12:47612609_CTTATT/C	0.3417	0.07792
12	47612707	12:47612707_A/G	0.3971	0.00391
12	47612876	12:47612876_A/G	0.5752	0.07651
12	47613048	12:47613048_G/A	0.33	0.07640
12	47613065	12:47613065_T/C	0.8099	0.00054
12	47613127	12:47613127_G/A	0.3072	0.01282
12	47613186	12:47613186_T/G	0.6283	0.11791
12	47613403	12:47613403_T/C	0.7811	0.03467
12	47613426	12:47613426_G/A	0.7493	0.00076
12	47613461	12:47613461_C/T	0.1982	0.00065
12	47613529	12:47613529_A/G	0.8594	0.07683
12	47613548	12:47613548_C/T	0.2946	0.07683
12	47613593	12:47613593_T/C	0.7811	0.00043
12	47613600	12:47613600_A/G	0.9708	0.07661
12	47613725	12:47613725_G/A	0.3238	0.00228
12	47613730	12:47613730_T/C	0.94	0.07683
12	47613732	12:47613732_GTCA/G	0.3496	0.10769
12	47613918	12:47613918_T/C	0.5061	0.00098
12	47614104	12:47614104_C/G	0.4487	0.00033
12	47614288	12:47614288_C/T	0.7015	0.01543
12	47614476	12:47614476_AT/A	0.8879	0.07683
12	47614645	12:47614645_T/C	0.842	0.07683
12	47614648	12:47614648_C/A	0.5595	0.12087
12	47614674	12:47614674_T/C	0.361	0.26712
12	47614687	12:47614687_A/G	0.03154	0.01554
12	47614737	12:47614737_T/C	0.4819	0.00043
12	47614855	12:47614855_G/A	0.4628	0.00174
12	47614860	12:47614860_T/C	0.2085	0.00033
12	47615036	12:47615036_GT/G	0.1011	0.00033
12	47615129	12:47615129_C/T	0.2552	0.07683
12	47615217	12:47615217_G/C	0.3401	0.07683
12	47615220	12:47615220_T/A	0.2504	0.07683
12	47615248	12:47615248_A/C	0.02438	0.07683
12	47615285	12:47615285_A/C	0.5693	0.07674
12	47615337	12:47615337_G/A	0.3033	0.34391
12	47615370	12:47615370_C/T	0.1915	0.12402
12	47615401	12:47615401_G/T	0.627	0.00054
12	47615446	12:47615446_C/T	0.03118	0.00076
12	47615447	12:47615447_G/A	0.2415	0.00054
12	47615537	12:47615537_C/T	0.03466	0.07683
12	47615538	12:47615538_G/A	0.4038	0.07683
12	47615541	12:47615541_G/T	0.2749	0.00087
12	47615570	12:47615570_A/G	0.2749	0.03467
12	47615669	12:47615669_A/G	0.2749	0.12019
12	47615799	12:47615799_C/T	0.3513	0.00043
12	47615845	12:47615845_T/C	0.2341	0.07683
12	47616009	12:47616009_T/A	0.1168	0.00554
12	47616160	12:47616160_CA/C	0.3353	0.07683
12	47616323	12:47616323_G/GT	0.8127	0.00109
12	47616380	12:47616380_T/C	0.4012	0.12030
12	47616452	12:47616452_C/T	0.1853	0.07696
12	47616499	12:47616499_T/C	0.919	0.00630
12	47616585	12:47616585_T/C	0.2749	0.00054
12	47616623	12:47616623_A/C	0.1458	0.00424
12	47616633	12:47616633_A/G	0.3263	0.07694
12	47616697	12:47616697_A/T	0.2749	0.00043
12	47616737	12:47616737_C/T	0.1354	0.00185
12	47616743	12:47616743_G/A	0.4706	0.00033
12	47616750	12:47616750_A/G	0.2742	0.07694
12	47616949	12:47616949_G/GTA	0.2032	0.07694
12	47616951	12:47616951_A/G	0.6241	0.07694
12	47616969	12:47616969_G/A	0.9042	0.00283
12	47617011	12:47617011_A/G	0.07656	0.01326
12	47617088	12:47617088_A/G	0.9297	0.07694
12	47617154	12:47617154_A/AT	0.0126	0.07694
12	47617250	12:47617250_C/G	0.744	0.00043
12	47617287	12:47617287_G/A	0.7767	0.07716
12	47617356	12:47617356_GT/G	0.4375	0.07694
12	47617439	12:47617439_C/T	0.8109	0.00033
12	47617454	12:47617454_T/G	0.7579	0.10759
12	47617455	12:47617455_C/T	0.3639	0.07694
12	47617543	12:47617543_T/C	0.2874	0.00033
12	47617562	12:47617562_G/A	0.2235	0.00033
12	47617612	12:47617612_G/A	0.205	0.00076
12	47617658	12:47617658_C/T	0.2979	0.00239
12	47617664	12:47617664_C/T	0.2194	0.00043
12	47617719	12:47617719_A/G	0.1591	0.07694
12	47617772	12:47617772_C/T	0.197	0.00065
12	47617787	12:47617787_A/G	0.2708	0.00033
12	47618064	12:47618064_T/C	0.8158	0.00043
12	47618075	12:47618075_A/T	0.2432	0.01239
12	47618132	12:47618132_G/A	0.4953	0.00065
12	47618314	12:47618314_T/C	0.3218	0.07683
12	47618332	12:47618332_C/T	0.891	0.02760
12	47618337	12:47618337_C/T	0.1492	0.00120
12	47618339	12:47618339_G/T	0.4635	0.07683
12	47618493	12:47618493_G/T	0.4334	0.01239
12	47618511	12:47618511_T/C	0.1825	0.00250
12	47618701	12:47618701_T/A	0.5918	0.00250
12	47618704	12:47618704_C/T	0.6779	0.00261
12	47618753	12:47618753_A/G	0.3033	0.00033
12	47618795	12:47618795_C/T	0.005005	0.00446
12	47618796	12:47618796_G/A	0.4954	0.08335
12	47618940	12:47618940_T/C	0.209	0.18561
12	47619123	12:47619123_G/C	0.513	0.00250
12	47619130	12:47619130_T/G	0.7458	0.14877
12	47619209	12:47619209_C/T	0.944	0.00250
12	47619300	12:47619300_C/T	0.1519	0.00250
12	47619414	12:47619414_C/T	0.8495	0.04010
12	47619424	12:47619424_G/A	0.4953	0.00130
12	47619445	12:47619445_A/G	0.8842	0.00033
12	47619511	12:47619511_T/C	0.1931	0.04043
12	47619610	12:47619610_A/G	0.69	0.00043
12	47619643	12:47619643_G/T	0.9491	0.00478
12	47619767	12:47619767_G/A	0.3514	0.04010
12	47619881	12:47619881_C/T	0.3426	0.04010
12	47619922	12:47619922_A/T	0.2263	0.00250
12	47619949	12:47619949_A/G	0.9563	0.00250
12	47619991	12:47619991_G/T	0.5749	0.00065
12	47620081	12:47620081_C/T	0.8635	0.00174
12	47620112	12:47620112_A/G	0.1941	0.08520
12	47620120	12:47620120_A/G	0.3984	0.00261
12	47620557	12:47620557_A/C	0.4953	0.00130
12	47620559	12:47620559_C/T	0.7887	0.01087
12	47620619	12:47620619_A/G	0.1458	0.04010
12	47620890	12:47620890_A/G	0.8027	0.01239
12	47620904	12:47620904_A/C	0.1518	0.00130
12	47620967	12:47620967_C/T	0.4841	0.08357
12	47620981	12:47620981_G/A	0.09016	0.00043
12	47621110	12:47621110_G/A	0.06666	0.01000
12	47621252	12:47621252_C/A	0.2073	0.01337
12	47621307	12:47621307_C/A	0.19	0.00402
12	47621359	12:47621359_T/C	0.1518	0.04010
12	47621580	12:47621580_C/A	0.2459	0.00609
12	47621607	12:47621607_A/G	0.4561	0.04010
12	47621638	12:47621638_A/T	0.9953	0.01087
12	47621654	12:47621654_G/A	0.8177	0.04010
12	47621669	12:47621669_G/A	0.2541	0.00196
12	47621811	12:47621811_G/A	0.03372	0.15258
12	47621854	12:47621854_G/A	0.9413	0.03999
12	47621921	12:47621921_T/G	0.1518	0.03999
12	47622100	12:47622100_A/G	0.1518	0.00380
12	47622118	12:47622118_G/A	0.2301	0.00043
12	47622226	12:47622226_A/G	0.3711	0.03597
12	47622252	12:47622252_C/T	0.2863	0.00033
12	47622298	12:47622298_A/G	0.2852	0.03338
12	47622430	12:47622430_G/T	0.09016	0.03988
